1    1.26843e-12
1.005    0.0831154
1.01    0.151073
1.015    0.189298
1.02    0.186239
1.025    0.134731
1.03    0.0329567
1.035    -0.11507
1.04    -0.299577
1.045    -0.505658
1.05    -0.714413
1.055    -0.90453
1.06    -1.05417
1.065    -1.14298
1.07    -1.15414
1.075    -1.07615
1.08    -0.904256
1.085    -0.641427
1.09    -0.298629
1.095    0.105499
1.1    0.545664
1.105    0.99155
1.11    1.40995
1.115    1.76726
1.12    2.03212
1.125    2.17804
1.13    2.18574
1.135    2.04506
1.14    1.75624
1.145    1.33047
1.15    0.789548
1.155    0.164836
1.16    -0.504683
1.165    -1.17493
1.17    -1.79974
1.175    -2.33418
1.18    -2.73786
1.185    -2.97802
1.19    -3.03215
1.195    -2.88998
1.2    -2.55457
1.205    -2.04248
1.21    -1.38299
1.215    -0.616321
1.22    0.208916
1.225    1.03899
1.23    1.81873
1.235    2.49535
1.24    3.0222
1.245    3.36217
1.25    3.49034
1.255    3.39596
1.26    3.08325
1.265    2.57134
1.27    1.89296
1.275    1.09226
1.28    0.221835
1.285    -0.661009
1.29    -1.49817
1.295    -2.23483
1.3    -2.82323
1.305    -3.22602
1.31    -3.41874
1.315    -3.39145
1.32    -3.14929
1.325    -2.71193
1.33    -2.11201
1.335    -1.39265
1.34    -0.604216
1.345    0.199328
1.35    0.964356
1.355    1.64137
1.36    2.18841
1.365    2.57391
1.37    2.77862
1.375    2.79666
1.38    2.63552
1.385    2.31505
1.39    1.86555
1.395    1.32513
1.4    0.736569
1.405    0.14384
1.41    -0.41125
1.415    -0.892204
1.42    -1.27043
1.425    -1.52712
1.43    -1.65426
1.435    -1.65473
1.44    -1.54149
1.445    -1.33597
1.45    -1.06578
1.455    -0.761934
1.46    -0.455945
1.465    -0.176893
1.47    0.0511721
1.475    0.2113
1.48    0.295017
1.485    0.302875
1.49    0.244146
1.495    0.135671
1.5    -1.75435e-09
1.505    -0.137034
1.51    -0.249078
1.515    -0.312099
1.52    -0.307056
1.525    -0.222133
1.53    -0.0543364
1.535    0.189719
1.54    0.493919
1.545    0.833688
1.55    1.17787
1.555    1.49132
1.56    1.73803
1.565    1.88445
1.57    1.90285
1.575    1.77426
1.58    1.49087
1.585    1.05753
1.59    0.492356
1.595    -0.173938
1.6    -0.899647
1.605    -1.63479
1.61    -2.32462
1.615    -2.91372
1.62    -3.35041
1.625    -3.59098
1.63    -3.60368
1.635    -3.37173
1.64    -2.89556
1.645    -2.19357
1.65    -1.30174
1.655    -0.271769
1.66    0.832082
1.665    1.93713
1.67    2.96726
1.675    3.84841
1.68    4.51397
1.685    4.90992
1.69    4.99917
1.695    4.76477
1.7    4.21177
1.705    3.36748
1.71    2.28016
1.715    1.01614
1.72    -0.344444
1.725    -1.71301
1.73    -2.99858
1.735    -4.11413
1.74    -4.98277
1.745    -5.54328
1.75    -5.7546
1.755    -5.59899
1.76    -5.08343
1.765    -4.23942
1.77    -3.12096
1.775    -1.80084
1.78    -0.365744
1.785    1.08982
1.79    2.47007
1.795    3.68461
1.8    4.65473
1.805    5.31881
1.81    5.63655
1.815    5.59156
1.82    5.1923
1.825    4.47122
1.83    3.48212
1.835    2.29608
1.84    0.996183
1.845    -0.328636
1.85    -1.58995
1.855    -2.70616
1.86    -3.60808
1.865    -4.24366
1.87    -4.58117
1.875    -4.61092
1.88    -4.34524
1.885    -3.81687
1.89    -3.07577
1.895    -2.18478
1.9    -1.2144
1.905    -0.237151
1.91    0.678037
1.915    1.471
1.92    2.09459
1.925    2.5178
1.93    2.72742
1.935    2.72819
1.94    2.54149
1.945    2.20265
1.95    1.75717
1.955    1.25622
1.96    0.751726
1.965    0.291646
1.97    -0.0843686
1.975    -0.348375
1.98    -0.4864
1.985    -0.499357
1.99    -0.402528
1.995    -0.223683
