0    0
0.005    0.0305764
0.01    0.0555767
0.015    0.0696388
0.02    0.0685136
0.025    0.0495647
0.03    0.0121241
0.035    -0.042332
0.04    -0.110208
0.045    -0.186021
0.05    -0.262818
0.055    -0.332758
0.06    -0.387806
0.065    -0.420478
0.07    -0.424584
0.075    -0.395892
0.08    -0.332657
0.085    -0.235968
0.09    -0.109859
0.095    0.0388108
0.1    0.200738
0.105    0.364771
0.11    0.518692
0.115    0.650139
0.12    0.747576
0.125    0.801257
0.13    0.804089
0.135    0.752335
0.14    0.646086
0.145    0.489451
0.15    0.290459
0.155    0.0606398
0.16    -0.185663
0.165    -0.432231
0.17    -0.662086
0.175    -0.858697
0.18    -1.0072
0.185    -1.09555
0.19    -1.11547
0.195    -1.06316
0.2    -0.939773
0.205    -0.751386
0.21    -0.508772
0.215    -0.226732
0.22    0.0768559
0.225    0.382225
0.23    0.669074
0.235    0.917987
0.24    1.11181
0.245    1.23687
0.25    1.28403
0.255    1.2493
0.26    1.13427
0.265    0.945943
0.27    0.696379
0.275    0.401822
0.28    0.0816084
0.285    -0.243172
0.29    -0.551146
0.295    -0.822147
0.3    -1.03861
0.305    -1.18679
0.31    -1.25768
0.315    -1.24765
0.32    -1.15856
0.325    -0.997664
0.33    -0.776965
0.335    -0.512326
0.34    -0.222279
0.345    0.0733286
0.35    0.354767
0.355    0.603825
0.36    0.805072
0.365    0.946889
0.37    1.0222
0.375    1.02883
0.38    0.969554
0.385    0.851659
0.39    0.686297
0.395    0.48749
0.4    0.270969
0.405    0.0529156
0.41    -0.15129
0.415    -0.328224
0.42    -0.467366
0.425    -0.561797
0.43    -0.608569
0.435    -0.608741
0.44    -0.567082
0.445    -0.491477
0.45    -0.392078
0.455    -0.2803
0.46    -0.167733
0.465    -0.0650751
0.47    0.0188252
0.475    0.0777329
0.48    0.108531
0.485    0.111422
0.49    0.0898162
0.495    0.0499104
0.5    -3.45899e-15
0.505    -0.050412
0.51    -0.0916306
0.515    -0.114815
0.52    -0.11296
0.525    -0.0817183
0.53    -0.0199892
0.535    0.0697936
0.54    0.181703
0.545    0.306697
0.55    0.433313
0.555    0.548625
0.56    0.639384
0.565    0.693251
0.57    0.700021
0.575    0.652715
0.58    0.548459
0.585    0.389045
0.59    0.181128
0.595    -0.0639882
0.6    -0.330962
0.605    -0.601405
0.61    -0.855179
0.615    -1.0719
0.62    -1.23255
0.625    -1.32105
0.63    -1.32572
0.635    -1.24039
0.64    -1.06522
0.645    -0.806969
0.65    -0.478885
0.655    -0.0999781
0.66    0.306106
0.665    0.712629
0.67    1.0916
0.675    1.41575
0.68    1.6606
0.685    1.80626
0.69    1.83909
0.695    1.75286
0.7    1.54942
0.705    1.23883
0.71    0.838823
0.715    0.373817
0.72    -0.126714
0.725    -0.630182
0.73    -1.10312
0.735    -1.5135
0.74    -1.83306
0.745    -2.03926
0.75    -2.117
0.755    -2.05975
0.76    -1.87009
0.765    -1.5596
0.77    -1.14814
0.775    -0.662492
0.78    -0.13455
0.785    0.400922
0.79    0.908687
0.795    1.35549
0.8    1.71238
0.805    1.95668
0.81    2.07357
0.815    2.05702
0.82    1.91014
0.825    1.64487
0.83    1.281
0.835    0.844682
0.84    0.366475
0.845    -0.120898
0.85    -0.584912
0.855    -0.99554
0.86    -1.32734
0.865    -1.56116
0.87    -1.68532
0.875    -1.69626
0.88    -1.59852
0.885    -1.40415
0.89    -1.13151
0.895    -0.803734
0.9    -0.446752
0.905    -0.0872431
0.91    0.249436
0.915    0.541149
0.92    0.770556
0.925    0.926247
0.93    1.00336
0.935    1.00364
0.94    0.934961
0.945    0.810309
0.95    0.646427
0.955    0.462136
0.96    0.276545
0.965    0.107291
0.97    -0.0310374
0.975    -0.12816
0.98    -0.178937
0.985    -0.183703
0.99    -0.148082
0.995    -0.0822884
1    1.14058e-14
1.005    0.0831154
1.01    0.151073
1.015    0.189298
1.02    0.186239
1.025    0.134731
1.03    0.0329567
1.035    -0.11507
1.04    -0.299577
1.045    -0.505658
1.05    -0.714413
1.055    -0.90453
1.06    -1.05417
1.065    -1.14298
1.07    -1.15414
1.075    -1.07615
1.08    -0.904256
1.085    -0.641427
1.09    -0.298629
1.095    0.105499
1.1    0.545664
1.105    0.99155
1.11    1.40995
1.115    1.76726
1.12    2.03212
1.125    2.17804
1.13    2.18574
1.135    2.04506
1.14    1.75624
1.145    1.33047
1.15    0.789548
1.155    0.164836
1.16    -0.504683
1.165    -1.17493
1.17    -1.79974
1.175    -2.33418
1.18    -2.73786
1.185    -2.97802
1.19    -3.03215
1.195    -2.88998
1.2    -2.55457
1.205    -2.04248
1.21    -1.38299
1.215    -0.616321
1.22    0.208916
1.225    1.03899
1.23    1.81873
1.235    2.49535
1.24    3.0222
1.245    3.36217
1.25    3.49034
1.255    3.39596
1.26    3.08325
1.265    2.57134
1.27    1.89296
1.275    1.09226
1.28    0.221835
1.285    -0.661009
1.29    -1.49817
1.295    -2.23483
1.3    -2.82323
1.305    -3.22602
1.31    -3.41874
1.315    -3.39145
1.32    -3.14929
1.325    -2.71193
1.33    -2.11201
1.335    -1.39265
1.34    -0.604216
1.345    0.199328
1.35    0.964356
1.355    1.64137
1.36    2.18841
1.365    2.57391
1.37    2.77862
1.375    2.79666
1.38    2.63552
1.385    2.31505
1.39    1.86555
1.395    1.32513
1.4    0.736569
1.405    0.14384
1.41    -0.41125
1.415    -0.892204
1.42    -1.27043
1.425    -1.52712
1.43    -1.65426
1.435    -1.65473
1.44    -1.54149
1.445    -1.33597
1.45    -1.06578
1.455    -0.761934
1.46    -0.455945
1.465    -0.176893
1.47    0.0511721
1.475    0.2113
1.48    0.295017
1.485    0.302875
1.49    0.244146
1.495    0.135671
1.5    2.80284e-13
1.505    -0.137034
1.51    -0.249078
1.515    -0.312099
1.52    -0.307056
1.525    -0.222133
1.53    -0.0543364
1.535    0.189719
1.54    0.493919
1.545    0.833688
1.55    1.17787
1.555    1.49132
1.56    1.73803
1.565    1.88445
1.57    1.90285
1.575    1.77426
1.58    1.49087
1.585    1.05753
1.59    0.492356
1.595    -0.173938
1.6    -0.899647
1.605    -1.63479
1.61    -2.32462
1.615    -2.91372
1.62    -3.35041
1.625    -3.59098
1.63    -3.60368
1.635    -3.37173
1.64    -2.89556
1.645    -2.19357
1.65    -1.30174
1.655    -0.271769
1.66    0.832082
1.665    1.93713
1.67    2.96726
1.675    3.84841
1.68    4.51397
1.685    4.90992
1.69    4.99917
1.695    4.76477
1.7    4.21177
1.705    3.36748
1.71    2.28016
1.715    1.01614
1.72    -0.344444
1.725    -1.71301
1.73    -2.99858
1.735    -4.11413
1.74    -4.98277
1.745    -5.54328
1.75    -5.7546
1.755    -5.59899
1.76    -5.08343
1.765    -4.23942
1.77    -3.12096
1.775    -1.80084
1.78    -0.365744
1.785    1.08982
1.79    2.47007
1.795    3.68461
1.8    4.65473
1.805    5.31881
1.81    5.63655
1.815    5.59156
1.82    5.1923
1.825    4.47122
1.83    3.48212
1.835    2.29608
1.84    0.996183
1.845    -0.328636
1.85    -1.58995
1.855    -2.70616
1.86    -3.60808
1.865    -4.24366
1.87    -4.58117
1.875    -4.61092
1.88    -4.34524
1.885    -3.81687
1.89    -3.07577
1.895    -2.18478
1.9    -1.2144
1.905    -0.237151
1.91    0.678037
1.915    1.471
1.92    2.09459
1.925    2.5178
1.93    2.72742
1.935    2.72819
1.94    2.54149
1.945    2.20265
1.95    1.75717
1.955    1.25622
1.96    0.751726
1.965    0.291646
1.97    -0.0843685
1.975    -0.348375
1.98    -0.4864
1.985    -0.499357
1.99    -0.402528
1.995    -0.223683
2    -9.61788e-13
