-5    -1
-4.95    -1
-4.9    -1
-4.85    -1
-4.8    -1
-4.75    -1
-4.7    -1
-4.65    -1
-4.6    -1
-4.55    -1
-4.5    -1
-4.45    -1
-4.4    -1
-4.35    -1
-4.3    -1
-4.25    -1
-4.2    -1
-4.15    -1
-4.1    -1
-4.05    -1
-4    -1
-3.95    -1
-3.9    -1
-3.85    -1
-3.8    -1
-3.75    -1
-3.7    -1
-3.65    -1
-3.6    -1
-3.55    -1
-3.5    -0.999999
-3.45    -0.999999
-3.4    -0.999999
-3.35    -0.999998
-3.3    -0.999997
-3.25    -0.999996
-3.2    -0.999994
-3.15    -0.999992
-3.1    -0.999989
-3.05    -0.999985
-3    -0.999979
-2.95    -0.999971
-2.9    -0.99996
-2.85    -0.999945
-2.8    -0.999925
-2.75    -0.999899
-2.7    -0.999864
-2.65    -0.999818
-2.6    -0.999758
-2.55    -0.99968
-2.5    -0.999578
-2.45    -0.999447
-2.4    -0.999278
-2.35    -0.999062
-2.3    -0.998788
-2.25    -0.998441
-2.2    -0.998005
-2.15    -0.997458
-2.1    -0.996779
-2.05    -0.995937
-2    -0.9949
-1.95    -0.99363
-1.9    -0.992083
-1.85    -0.991156
-1.8    -0.989154
-1.75    -0.986759
-1.7    -0.983909
-1.65    -0.980532
-1.6    -0.976553
-1.55    -0.971886
-1.5    -0.966441
-1.45    -0.960117
-1.4    -0.95281
-1.35    -0.944407
-1.3    -0.934793
-1.25    -0.923396
-1.2    -0.910917
-1.15    -0.896852
-1.1    -0.881078
-1.05    -0.863473
-1    -0.843921
-0.95    -0.82091
-0.9    -0.796891
-0.85    -0.770652
-0.8    -0.742087
-0.75    -0.711143
-0.7    -0.677791
-0.65    -0.642021
-0.6    -0.60385
-0.55    -0.563319
-0.5    -0.520451
-0.45    -0.475451
-0.4    -0.428374
-0.35    -0.379372
-0.3    -0.328622
-0.25    -0.276324
-0.2    -0.222702
-0.15    -0.167996
-0.1    -0.112463
-0.05    -0.056372
-9.39526e-15    -1.06014e-14
0.05    0.056372
0.1    0.112463
0.15    0.167996
0.2    0.222702
0.25    0.276324
0.3    0.328622
0.35    0.379372
0.4    0.428374
0.45    0.475451
0.5    0.520451
0.55    0.563319
0.6    0.60385
0.65    0.642021
0.7    0.677791
0.75    0.711143
0.8    0.742087
0.85    0.770652
0.9    0.796891
0.95    0.82091
1    0.84273
1.05    0.863473
1.1    0.881078
1.15    0.896852
1.2    0.910917
1.25    0.923396
1.3    0.934793
1.35    0.944407
1.4    0.95281
1.45    0.960117
1.5    0.966441
1.55    0.971886
1.6    0.976553
1.65    0.980532
1.7    0.983909
1.75    0.986759
1.8    0.989154
1.85    0.991156
1.9    0.992083
1.95    0.99363
2    0.9949
2.05    0.995937
2.1    0.996779
2.15    0.997458
2.2    0.998005
2.25    0.998441
2.3    0.998788
2.35    0.999062
2.4    0.999278
2.45    0.999447
2.5    0.999578
2.55    0.99968
2.6    0.999758
2.65    0.999818
2.7    0.999864
2.75    0.999899
2.8    0.999925
2.85    0.999945
2.9    0.99996
2.95    0.999971
3    0.999979
3.05    0.999985
3.1    0.999989
3.15    0.999992
3.2    0.999994
3.25    0.999996
3.3    0.999997
3.35    0.999998
3.4    0.999999
3.45    0.999999
3.5    0.999999
3.55    1
3.6    1
3.65    1
3.7    1
3.75    1
3.8    1
3.85    1
3.9    1
3.95    1
4    1
4.05    1
4.1    1
4.15    1
4.2    1
4.25    1
4.3    1
4.35    1
4.4    1
4.45    1
4.5    1
4.55    1
4.6    1
4.65    1
4.7    1
4.75    1
4.8    1
4.85    1
4.9    1
4.95    1
5    1
