-5	inf
-4.99	-0.165105
-4.98	-0.840725
-4.97	-1.22835
-4.96	-1.49788
-4.95	-1.70257
-4.94	-1.86611
-4.93	-2.00118
-4.92	-2.11531
-4.91	-2.21337
-4.9	-2.2987
-4.89	-2.37366
-4.88	-2.44001
-4.87	-2.49906
-4.86	-2.55186
-4.85	-2.59922
-4.84	-2.6418
-4.83	-2.68014
-4.82	-2.71469
-4.81	-2.74581
-4.8	-2.77382
-4.79	-2.79898
-4.78	-2.82154
-4.77	-2.84169
-4.76	-2.8596
-4.75	-2.87541
-4.74	-2.88927
-4.73	-2.9013
-4.72	-2.91158
-4.71	-2.92022
-4.7	-2.9273
-4.69	-2.93289
-4.68	-2.93706
-4.67	-2.93986
-4.66	-2.94134
-4.65	-2.94157
-4.64	-2.94056
-4.63	-2.93837
-4.62	-2.93503
-4.61	-2.93056
-4.6	-2.925
-4.59	-2.91837
-4.58	-2.91069
-4.57	-2.90197
-4.56	-2.89224
-4.55	-2.8815
-4.54	-2.86977
-4.53	-2.85706
-4.52	-2.84337
-4.51	-2.82871
-4.5	-2.81308
-4.49	-2.79649
-4.48	-2.77893
-4.47	-2.76039
-4.46	-2.74088
-4.45	-2.72039
-4.44	-2.69891
-4.43	-2.67642
-4.42	-2.65292
-4.41	-2.62838
-4.4	-2.6028
-4.39	-2.57614
-4.38	-2.54839
-4.37	-2.51952
-4.36	-2.48949
-4.35	-2.45828
-4.34	-2.42585
-4.33	-2.39215
-4.32	-2.35714
-4.31	-2.32077
-4.3	-2.28297
-4.29	-2.24369
-4.28	-2.20284
-4.27	-2.16035
-4.26	-2.11613
-4.25	-2.07007
-4.24	-2.02206
-4.23	-1.97196
-4.22	-1.91962
-4.21	-1.86487
-4.2	-1.80752
-4.19	-1.74732
-4.18	-1.68402
-4.17	-1.6173
-4.16	-1.54678
-4.15	-1.47203
-4.14	-1.39249
-4.13	-1.30753
-4.12	-1.2163
-4.11	-1.1178
-4.1	-1.01068
-4.09	-0.89319
-4.08	-0.762969
-4.07	-0.616688
-4.06	-0.449478
-4.05	-0.253787
-4.04	-0.016966
-4.03	0.284702
-4.02	0.704461
-4.01	1.41221
-4	28.3013
-3.99	1.44233
-3.98	0.764705
-3.97	0.375069
-3.96	0.103522
-3.95	-0.103178
-3.94	-0.268747
-3.93	-0.405837
-3.92	-0.521998
-3.91	-0.6221
-3.9	-0.709468
-3.89	-0.786472
-3.88	-0.854864
-3.87	-0.91597
-3.86	-0.970825
-3.85	-1.02025
-3.84	-1.06489
-3.83	-1.1053
-3.82	-1.14191
-3.81	-1.17511
-3.8	-1.2052
-3.79	-1.23245
-3.78	-1.2571
-3.77	-1.27934
-3.76	-1.29935
-3.75	-1.31727
-3.74	-1.33324
-3.73	-1.34737
-3.72	-1.35977
-3.71	-1.37054
-3.7	-1.37974
-3.69	-1.38746
-3.68	-1.39376
-3.67	-1.3987
-3.66	-1.40233
-3.65	-1.4047
-3.64	-1.40585
-3.63	-1.40581
-3.62	-1.40463
-3.61	-1.40233
-3.6	-1.39895
-3.59	-1.39449
-3.58	-1.38899
-3.57	-1.38246
-3.56	-1.37491
-3.55	-1.36637
-3.54	-1.35684
-3.53	-1.34634
-3.52	-1.33486
-3.51	-1.32241
-3.5	-1.30901
-3.49	-1.29464
-3.48	-1.2793
-3.47	-1.263
-3.46	-1.24573
-3.45	-1.22749
-3.44	-1.20825
-3.43	-1.18802
-3.42	-1.16678
-3.41	-1.14451
-3.4	-1.12119
-3.39	-1.09681
-3.38	-1.07134
-3.37	-1.04475
-3.36	-1.01702
-3.35	-0.988106
-3.34	-0.957975
-3.33	-0.926584
-3.32	-0.893886
-3.31	-0.85983
-3.3	-0.824356
-3.29	-0.7874
-3.28	-0.748888
-3.27	-0.70874
-3.26	-0.666863
-3.25	-0.623153
-3.24	-0.577496
-3.23	-0.529757
-3.22	-0.479786
-3.21	-0.427411
-3.2	-0.372432
-3.19	-0.314621
-3.18	-0.253708
-3.17	-0.189381
-3.16	-0.121266
-3.15	-0.0489171
-3.14	0.0282025
-3.13	0.110752
-3.12	0.199549
-3.11	0.295626
-3.1	0.400312
-3.09	0.515355
-3.08	0.643128
-3.07	0.786955
-3.06	0.951705
-3.05	1.14493
-3.04	1.37928
-3.03	1.67847
-3.02	2.09574
-3.01	2.801
-3	28.9944
-2.99	2.82612
-2.98	2.14599
-2.97	1.75383
-2.96	1.47977
-2.95	1.27054
-2.94	1.10243
-2.93	0.962802
-2.92	0.844093
-2.91	0.741437
-2.9	0.651509
-2.89	0.571937
-2.88	0.500972
-2.87	0.437284
-2.86	0.379842
-2.85	0.327828
-2.84	0.280583
-2.83	0.237568
-2.82	0.198338
-2.81	0.162521
-2.8	0.129801
-2.79	0.0999115
-2.78	0.0726214
-2.77	0.0477324
-2.76	0.0250715
-2.75	0.0044879
-2.74	-0.014151
-2.73	-0.0309621
-2.72	-0.046049
-2.71	-0.0595033
-2.7	-0.0714071
-2.69	-0.0818333
-2.68	-0.0908472
-2.67	-0.0985073
-2.66	-0.104866
-2.65	-0.109971
-2.64	-0.113863
-2.63	-0.116582
-2.62	-0.118159
-2.61	-0.118627
-2.6	-0.118012
-2.59	-0.116337
-2.58	-0.113623
-2.57	-0.10989
-2.56	-0.105152
-2.55	-0.0994242
-2.54	-0.0927166
-2.53	-0.0850387
-2.52	-0.0763976
-2.51	-0.0667982
-2.5	-0.0562437
-2.49	-0.0447351
-2.48	-0.0322716
-2.47	-0.0188503
-2.46	-0.00446635
-2.45	0.010887
-2.44	0.0272186
-2.43	0.0445396
-2.42	0.0628632
-2.41	0.0822052
-2.4	0.102584
-2.39	0.124019
-2.38	0.146536
-2.37	0.17016
-2.36	0.194922
-2.35	0.220854
-2.34	0.247996
-2.33	0.276389
-2.32	0.306079
-2.31	0.337119
-2.3	0.369567
-2.29	0.403488
-2.28	0.438955
-2.27	0.47605
-2.26	0.514865
-2.25	0.555502
-2.24	0.598078
-2.23	0.642725
-2.22	0.689595
-2.21	0.73886
-2.2	0.790719
-2.19	0.8454
-2.18	0.903173
-2.17	0.964351
-2.16	1.02931
-2.15	1.09849
-2.14	1.17243
-2.13	1.25179
-2.12	1.33738
-2.11	1.43025
-2.1	1.53171
-2.09	1.64353
-2.08	1.76806
-2.07	1.90863
-2.06	2.07012
-2.05	2.26007
-2.04	2.49114
-2.03	2.78703
-2.02	3.201
-2.01	3.90294
-2	29.6875
-1.99	3.9214
-1.98	3.23791
-1.97	2.8424
-1.96	2.56496
-1.95	2.35234
-1.94	2.18084
-1.93	2.0378
-1.92	1.91568
-1.91	1.80959
-1.9	1.71622
-1.89	1.63319
-1.88	1.55876
-1.87	1.4916
-1.86	1.43066
-1.85	1.37515
-1.84	1.32439
-1.83	1.27784
-1.82	1.23508
-1.81	1.19571
-1.8	1.15942
-1.79	1.12595
-1.78	1.09507
-1.77	1.06658
-1.76	1.0403
-1.75	1.01609
-1.74	0.993807
-1.73	0.973339
-1.72	0.954583
-1.71	0.937445
-1.7	0.921845
-1.69	0.907708
-1.68	0.89497
-1.67	0.883571
-1.66	0.87346
-1.65	0.864589
-1.64	0.856916
-1.63	0.850402
-1.62	0.845015
-1.61	0.840723
-1.6	0.8375
-1.59	0.835321
-1.58	0.834166
-1.57	0.834016
-1.56	0.834855
-1.55	0.836669
-1.54	0.839448
-1.53	0.843181
-1.52	0.847861
-1.51	0.853485
-1.5	0.860047
-1.49	0.867548
-1.48	0.875987
-1.47	0.885368
-1.46	0.895695
-1.45	0.906975
-1.44	0.919217
-1.43	0.932431
-1.42	0.946631
-1.41	0.961832
-1.4	0.978052
-1.39	0.995313
-1.38	1.01364
-1.37	1.03305
-1.36	1.05358
-1.35	1.07527
-1.34	1.09815
-1.33	1.12226
-1.32	1.14765
-1.31	1.17437
-1.3	1.20248
-1.29	1.23204
-1.28	1.26313
-1.27	1.29583
-1.26	1.33023
-1.25	1.36643
-1.24	1.40455
-1.23	1.44473
-1.22	1.4871
-1.21	1.53185
-1.2	1.57918
-1.19	1.6293
-1.18	1.6825
-1.17	1.73908
-1.16	1.79941
-1.15	1.86395
-1.14	1.93323
-1.13	2.00791
-1.12	2.0888
-1.11	2.17694
-1.1	2.27365
-1.09	2.38069
-1.08	2.50043
-1.07	2.63618
-1.06	2.79283
-1.05	2.97791
-1.04	3.20409
-1.03	3.49507
-1.02	3.9041
-1.01	4.60107
-1	30.3947
-0.99	4.60953
-0.98	3.92101
-0.97	3.52043
-0.96	3.2379
-0.95	3.02017
-0.94	2.84353
-0.93	2.69532
-0.92	2.568
-0.91	2.45669
-0.9	2.35807
-0.89	2.26977
-0.88	2.19003
-0.87	2.11753
-0.86	2.05124
-0.85	1.99033
-0.84	1.93415
-0.83	1.88216
-0.82	1.83391
-0.81	1.78903
-0.8	1.74721
-0.79	1.70817
-0.78	1.67169
-0.77	1.63756
-0.76	1.60562
-0.75	1.5757
-0.74	1.54769
-0.73	1.52146
-0.72	1.49691
-0.71	1.47394
-0.7	1.45247
-0.69	1.43244
-0.68	1.41376
-0.67	1.39639
-0.66	1.38028
-0.65	1.36536
-0.64	1.35161
-0.63	1.33898
-0.62	1.32744
-0.61	1.31696
-0.6	1.3075
-0.59	1.29906
-0.58	1.29159
-0.57	1.28509
-0.56	1.27954
-0.55	1.27492
-0.54	1.27123
-0.53	1.26845
-0.52	1.26657
-0.51	1.26559
-0.5	1.26551
-0.49	1.26632
-0.48	1.26803
-0.47	1.27063
-0.46	1.27413
-0.45	1.27854
-0.44	1.28386
-0.43	1.29011
-0.42	1.29729
-0.41	1.30542
-0.4	1.31452
-0.39	1.32462
-0.38	1.33572
-0.37	1.34786
-0.36	1.36107
-0.35	1.37537
-0.34	1.39082
-0.33	1.40744
-0.32	1.42528
-0.31	1.44439
-0.3	1.46484
-0.29	1.48668
-0.28	1.50999
-0.27	1.53485
-0.26	1.56134
-0.25	1.58958
-0.24	1.61966
-0.23	1.65174
-0.22	1.68595
-0.21	1.72247
-0.2	1.7615
-0.19	1.80326
-0.18	1.84801
-0.17	1.89608
-0.16	1.94783
-0.15	2.00372
-0.14	2.06426
-0.13	2.13012
-0.12	2.20213
-0.11	2.2813
-0.1	2.36896
-0.09	2.46687
-0.08	2.57739
-0.07	2.70384
-0.06	2.85109
-0.05	3.0267
-0.04	3.24331
-0.03	3.52463
-0.02	3.9239
-0.01	4.61102
-6.23078e-14	30.4067
0.01	4.59948
0.02	3.9008
0.03	3.48997
0.04	3.19708
0.05	2.96888
0.06	2.78166
0.07	2.62275
0.08	2.48462
0.09	2.36238
0.1	2.25271
0.11	2.15324
0.12	2.0622
0.13	1.97827
0.14	1.90042
0.15	1.82781
0.16	1.7598
0.17	1.69583
0.18	1.63546
0.19	1.57831
0.2	1.52406
0.21	1.47245
0.22	1.42322
0.23	1.37619
0.24	1.33118
0.25	1.28802
0.26	1.24659
0.27	1.20675
0.28	1.1684
0.29	1.13145
0.3	1.0958
0.31	1.06137
0.32	1.0281
0.33	0.995917
0.34	0.964762
0.35	0.934581
0.36	0.905325
0.37	0.876947
0.38	0.849405
0.39	0.822661
0.4	0.796678
0.41	0.771422
0.42	0.746864
0.43	0.722973
0.44	0.699722
0.45	0.677087
0.46	0.655044
0.47	0.63357
0.48	0.612645
0.49	0.59225
0.5	0.572365
0.51	0.552974
0.52	0.53406
0.53	0.515608
0.54	0.497603
0.55	0.480031
0.56	0.462879
0.57	0.446135
0.58	0.429787
0.59	0.413824
0.6	0.398234
0.61	0.383008
0.62	0.368136
0.63	0.353608
0.64	0.339417
0.65	0.325552
0.66	0.312007
0.67	0.298773
0.68	0.285843
0.69	0.27321
0.7	0.260867
0.71	0.248808
0.72	0.237025
0.73	0.225514
0.74	0.214268
0.75	0.203281
0.76	0.192549
0.77	0.182065
0.78	0.171826
0.79	0.161825
0.8	0.15206
0.81	0.142524
0.82	0.133214
0.83	0.124125
0.84	0.115253
0.85	0.106595
0.86	0.0981466
0.87	0.0899039
0.88	0.0818636
0.89	0.0740222
0.9	0.0663762
0.91	0.0589226
0.92	0.051658
0.93	0.0445795
0.94	0.037684
0.95	0.0309688
0.96	0.0244309
0.97	0.0180677
0.98	0.0118765
0.99	0.00585481
1	3.55665e-14	-nan
1.01	-0.00569031
1.02	-0.0112185
1.03	-0.0165869
1.04	-0.0217977
1.05	-0.0268531
1.06	-0.0317553
1.07	-0.0365063
1.08	-0.0411082
1.09	-0.0455629
1.1	-0.0498724
1.11	-0.0540386
1.12	-0.0580633
1.13	-0.0619483
1.14	-0.0656954
1.15	-0.0693062
1.16	-0.0727825
1.17	-0.0761258
1.18	-0.0793378
1.19	-0.0824201
1.2	-0.0853741
1.21	-0.0882014
1.22	-0.0909034
1.23	-0.0934815
1.24	-0.0959372
1.25	-0.0982718
1.26	-0.100487
1.27	-0.102583
1.28	-0.104563
1.29	-0.106426
1.3	-0.108175
1.31	-0.10981
1.32	-0.111333
1.33	-0.112745
1.34	-0.114048
1.35	-0.115241
1.36	-0.116326
1.37	-0.117305
1.38	-0.118179
1.39	-0.118948
1.4	-0.119613
1.41	-0.120176
1.42	-0.120637
1.43	-0.120997
1.44	-0.121258
1.45	-0.121421
1.46	-0.121485
1.47	-0.121452
1.48	-0.121324
1.49	-0.1211
1.5	-0.120782
1.51	-0.120371
1.52	-0.119867
1.53	-0.119271
1.54	-0.118583
1.55	-0.117806
1.56	-0.116939
1.57	-0.115984
1.58	-0.11494
1.59	-0.113809
1.6	-0.112592
1.61	-0.111288
1.62	-0.1099
1.63	-0.108427
1.64	-0.106871
1.65	-0.105231
1.66	-0.103508
1.67	-0.101704
1.68	-0.0998192
1.69	-0.0978534
1.7	-0.0958077
1.71	-0.0936827
1.72	-0.0914789
1.73	-0.089197
1.74	-0.0868375
1.75	-0.0844011
1.76	-0.0818883
1.77	-0.0792996
1.78	-0.0766356
1.79	-0.0738969
1.8	-0.0710839
1.81	-0.0681972
1.82	-0.0652373
1.83	-0.0622048
1.84	-0.0591001
1.85	-0.0559238
1.86	-0.0526763
1.87	-0.0493581
1.88	-0.0459697
1.89	-0.0425116
1.9	-0.0389843
1.91	-0.0353881
1.92	-0.0317236
1.93	-0.0279912
1.94	-0.0241914
1.95	-0.0203245
1.96	-0.0163911
1.97	-0.0123915
1.98	-0.00832616
1.99	-0.00419553
2	-2.57223e-14	0.00028774
2.01	0.00426002
2.02	0.00858414
2.03	0.0129719
2.04	0.0174231
2.05	0.0219371
2.06	0.0265137
2.07	0.0311524
2.08	0.0358529
2.09	0.0406148
2.1	0.0454377
2.11	0.0503214
2.12	0.0552654
2.13	0.0602693
2.14	0.0653329
2.15	0.0704557
2.16	0.0756375
2.17	0.0808779
2.18	0.0861766
2.19	0.0915332
2.2	0.0969475
2.21	0.102419
2.22	0.107947
2.23	0.113533
2.24	0.119174
2.25	0.124872
2.26	0.130625
2.27	0.136434
2.28	0.142298
2.29	0.148216
2.3	0.154189
2.31	0.160217
2.32	0.166298
2.33	0.172434
2.34	0.178622
2.35	0.184864
2.36	0.191158
2.37	0.197505
2.38	0.203905
2.39	0.210356
2.4	0.216859
2.41	0.223414
2.42	0.23002
2.43	0.236677
2.44	0.243385
2.45	0.250143
2.46	0.256951
2.47	0.26381
2.48	0.270718
2.49	0.277676
2.5	0.284683
2.51	0.291739
2.52	0.298844
2.53	0.305997
2.54	0.313199
2.55	0.320449
2.56	0.327747
2.57	0.335092
2.58	0.342485
2.59	0.349925
2.6	0.357412
2.61	0.364946
2.62	0.372526
2.63	0.380153
2.64	0.387826
2.65	0.395545
2.66	0.403309
2.67	0.411119
2.68	0.418975
2.69	0.426875
2.7	0.434821
2.71	0.442811
2.72	0.450845
2.73	0.458924
2.74	0.467048
2.75	0.475215
2.76	0.483426
2.77	0.49168
2.78	0.499978
2.79	0.508319
2.8	0.516703
2.81	0.52513
2.82	0.533599
2.83	0.542111
2.84	0.550665
2.85	0.559262
2.86	0.5679
2.87	0.57658
2.88	0.585302
2.89	0.594065
2.9	0.60287
2.91	0.611715
2.92	0.620602
2.93	0.629529
2.94	0.638497
2.95	0.647505
2.96	0.656553
2.97	0.665642
2.98	0.674771
2.99	0.683939
3	0.693147	0.693151
3.01	0.702395
3.02	0.711682
3.03	0.721008
3.04	0.730373
3.05	0.739777
3.06	0.74922
3.07	0.758701
3.08	0.768221
3.09	0.777779
3.1	0.787375
3.11	0.797009
3.12	0.806681
3.13	0.816391
3.14	0.826139
3.15	0.835924
3.16	0.845746
3.17	0.855605
3.18	0.865501
3.19	0.875435
3.2	0.885405
3.21	0.895412
3.22	0.905455
3.23	0.915534
3.24	0.92565
3.25	0.935802
3.26	0.94599
3.27	0.956214
3.28	0.966473
3.29	0.976768
3.3	0.987099
3.31	0.997464
3.32	1.00787
3.33	1.0183
3.34	1.02877
3.35	1.03928
3.36	1.04982
3.37	1.0604
3.38	1.07101
3.39	1.08165
3.4	1.09233
3.41	1.10304
3.42	1.11379
3.43	1.12457
3.44	1.13538
3.45	1.14623
3.46	1.15711
3.47	1.16803
3.48	1.17898
3.49	1.18996
3.5	1.20097
3.51	1.21202
3.52	1.2231
3.53	1.23422
3.54	1.24536
3.55	1.25654
3.56	1.26775
3.57	1.279
3.58	1.29027
3.59	1.30158
3.6	1.31292
3.61	1.3243
3.62	1.3357
3.63	1.34714
3.64	1.3586
3.65	1.3701
3.66	1.38164
3.67	1.3932
3.68	1.40479
3.69	1.41642
3.7	1.42807
3.71	1.43976
3.72	1.45148
3.73	1.46323
3.74	1.47501
3.75	1.48682
3.76	1.49866
3.77	1.51053
3.78	1.52243
3.79	1.53436
3.8	1.54632
3.81	1.55831
3.82	1.57034
3.83	1.58239
3.84	1.59447
3.85	1.60658
3.86	1.61872
3.87	1.63089
3.88	1.64309
3.89	1.65532
3.9	1.66758
3.91	1.67987
3.92	1.69219
3.93	1.70453
3.94	1.71691
3.95	1.72931
3.96	1.74174
3.97	1.7542
3.98	1.76669
3.99	1.77921
4	1.79176	1.79176
4.01	1.80433
4.02	1.81694
4.03	1.82957
4.04	1.84223
4.05	1.85492
4.06	1.86763
4.07	1.88038
4.08	1.89315
4.09	1.90595
4.1	1.91878
4.11	1.93163
4.12	1.94451
4.13	1.95742
4.14	1.97036
4.15	1.98333
4.16	1.99632
4.17	2.00934
4.18	2.02238
4.19	2.03546
4.2	2.04856
4.21	2.06168
4.22	2.07484
4.23	2.08802
4.24	2.10122
4.25	2.11446
4.26	2.12772
4.27	2.141
4.28	2.15432
4.29	2.16766
4.3	2.18102
4.31	2.19441
4.32	2.20783
4.33	2.22127
4.34	2.23474
4.35	2.24824
4.36	2.26176
4.37	2.27531
4.38	2.28888
4.39	2.30248
4.4	2.3161
4.41	2.32975
4.42	2.34343
4.43	2.35713
4.44	2.37085
4.45	2.38461
4.46	2.39838
4.47	2.41218
4.48	2.42601
4.49	2.43986
4.5	2.45374
4.51	2.46764
4.52	2.48156
4.53	2.49551
4.54	2.50949
4.55	2.52349
4.56	2.53751
4.57	2.55156
4.58	2.56564
4.59	2.57973
4.6	2.59386
4.61	2.608
4.62	2.62217
4.63	2.63637
4.64	2.65059
4.65	2.66483
4.66	2.6791
4.67	2.69339
4.68	2.7077
4.69	2.72204
4.7	2.73641
4.71	2.75079
4.72	2.7652
4.73	2.77963
4.74	2.79409
4.75	2.80857
4.76	2.82308
4.77	2.8376
4.78	2.85215
4.79	2.86673
4.8	2.88132
4.81	2.89594
4.82	2.91059
4.83	2.92525
4.84	2.93994
4.85	2.95465
4.86	2.96939
4.87	2.98415
4.88	2.99893
4.89	3.01373
4.9	3.02856
4.91	3.04341
4.92	3.05828
4.93	3.07317
4.94	3.08809
4.95	3.10303
4.96	3.11799
4.97	3.13297
4.98	3.14798
4.99	3.163
5	3.17805	3.17805
5.01	3.19313
5.02	3.20822
5.03	3.22334
5.04	3.23848
5.05	3.25364
5.06	3.26882
5.07	3.28402
5.08	3.29925
5.09	3.31449
5.1	3.32976
5.11	3.34506
5.12	3.36037
5.13	3.3757
5.14	3.39106
5.15	3.40643
5.16	3.42183
5.17	3.43725
5.18	3.45269
5.19	3.46816
5.2	3.48364
5.21	3.49915
5.22	3.51467
5.23	3.53022
5.24	3.54579
5.25	3.56138
5.26	3.57699
5.27	3.59262
5.28	3.60827
5.29	3.62394
5.3	3.63964
5.31	3.65535
5.32	3.67109
5.33	3.68684
5.34	3.70262
5.35	3.71842
5.36	3.73423
5.37	3.75007
5.38	3.76593
5.39	3.78181
5.4	3.79771
5.41	3.81363
5.42	3.82957
5.43	3.84553
5.44	3.86151
5.45	3.87751
5.46	3.89353
5.47	3.90957
5.48	3.92563
5.49	3.94171
5.5	3.95781
5.51	3.97393
5.52	3.99008
5.53	4.00624
5.54	4.02242
5.55	4.03862
5.56	4.05484
5.57	4.07108
5.58	4.08734
5.59	4.10361
5.6	4.11991
5.61	4.13623
5.62	4.15257
5.63	4.16893
5.64	4.1853
5.65	4.2017
5.66	4.21811
5.67	4.23455
5.68	4.251
5.69	4.26748
5.7	4.28397
5.71	4.30048
5.72	4.31701
5.73	4.33356
5.74	4.35013
5.75	4.36672
5.76	4.38332
5.77	4.39995
5.78	4.41659
5.79	4.43326
5.8	4.44994
5.81	4.46664
5.82	4.48336
5.83	4.5001
5.84	4.51686
5.85	4.53363
5.86	4.55043
5.87	4.56724
5.88	4.58407
5.89	4.60092
5.9	4.61779
5.91	4.63468
5.92	4.65159
5.93	4.66851
5.94	4.68545
5.95	4.70241
5.96	4.71939
5.97	4.73639
5.98	4.75341
5.99	4.77044
6	4.78749	4.78749
6.01	4.80456
6.02	4.82165
6.03	4.83876
6.04	4.85588
6.05	4.87302
6.06	4.89018
6.07	4.90736
6.08	4.92456
6.09	4.94177
6.1	4.959
6.11	4.97625
6.12	4.99352
6.13	5.01081
6.14	5.02811
6.15	5.04543
6.16	5.06277
6.17	5.08013
6.18	5.0975
6.19	5.11489
6.2	5.1323
6.21	5.14972
6.22	5.16717
6.23	5.18463
6.24	5.20211
6.25	5.2196
6.26	5.23712
6.27	5.25465
6.28	5.2722
6.29	5.28976
6.3	5.30734
6.31	5.32494
6.32	5.34256
6.33	5.36019
6.34	5.37784
6.35	5.39551
6.36	5.4132
6.37	5.4309
6.38	5.44862
6.39	5.46635
6.4	5.48411
6.41	5.50188
6.42	5.51966
6.43	5.53747
6.44	5.55529
6.45	5.57312
6.46	5.59098
6.47	5.60885
6.48	5.62674
6.49	5.64464
6.5	5.66256
6.51	5.6805
6.52	5.69845
6.53	5.71642
6.54	5.73441
6.55	5.75241
6.56	5.77044
6.57	5.78847
6.58	5.80652
6.59	5.82459
6.6	5.84268
6.61	5.86078
6.62	5.8789
6.63	5.89704
6.64	5.91519
6.65	5.93335
6.66	5.95154
6.67	5.96974
6.68	5.98795
6.69	6.00619
6.7	6.02443
6.71	6.0427
6.72	6.06098
6.73	6.07927
6.74	6.09759
6.75	6.11592
6.76	6.13426
6.77	6.15262
6.78	6.171
6.79	6.18939
6.8	6.2078
6.81	6.22622
6.82	6.24466
6.83	6.26312
6.84	6.28159
6.85	6.30007
6.86	6.31858
6.87	6.3371
6.88	6.35563
6.89	6.37418
6.9	6.39274
6.91	6.41133
6.92	6.42992
6.93	6.44853
6.94	6.46716
6.95	6.4858
6.96	6.50446
6.97	6.52314
6.98	6.54183
6.99	6.56053
7	6.57925	6.57925
7.01	6.59799
7.02	6.61674
7.03	6.6355
7.04	6.65429
7.05	6.67308
7.06	6.69189
7.07	6.71072
7.08	6.72956
7.09	6.74842
7.1	6.76729
7.11	6.78618
7.12	6.80508
7.13	6.824
7.14	6.84294
7.15	6.86188
7.16	6.88085
7.17	6.89982
7.18	6.91882
7.19	6.93783
7.2	6.95685
7.21	6.97589
7.22	6.99494
7.23	7.01401
7.24	7.03309
7.25	7.05219
7.26	7.0713
7.27	7.09042
7.28	7.10957
7.29	7.12872
7.3	7.14789
7.31	7.16708
7.32	7.18628
7.33	7.20549
7.34	7.22472
7.35	7.24397
7.36	7.26323
7.37	7.2825
7.38	7.30179
7.39	7.32109
7.4	7.3404
7.41	7.35974
7.42	7.37908
7.43	7.39844
7.44	7.41782
7.45	7.43721
7.46	7.45661
7.47	7.47603
7.48	7.49546
7.49	7.5149
7.5	7.53436
7.51	7.55384
7.52	7.57333
7.53	7.59283
7.54	7.61235
7.55	7.63188
7.56	7.65143
7.57	7.67099
7.58	7.69056
7.59	7.71015
7.6	7.72975
7.61	7.74937
7.62	7.769
7.63	7.78864
7.64	7.8083
7.65	7.82797
7.66	7.84766
7.67	7.86736
7.68	7.88707
7.69	7.9068
7.7	7.92654
7.71	7.9463
7.72	7.96607
7.73	7.98585
7.74	8.00565
7.75	8.02546
7.76	8.04528
7.77	8.06512
7.78	8.08497
7.79	8.10484
7.8	8.12472
7.81	8.14461
7.82	8.16452
7.83	8.18444
7.84	8.20438
7.85	8.22432
7.86	8.24428
7.87	8.26426
7.88	8.28425
7.89	8.30425
7.9	8.32427
7.91	8.34429
7.92	8.36434
7.93	8.38439
7.94	8.40446
7.95	8.42455
7.96	8.44464
7.97	8.46475
7.98	8.48488
7.99	8.50501
8	8.52516	8.52516
