0   1
0.018015   0.999189
0.0352   0.99691
0.0518246   0.993316
0.068045   0.988504
0.0839544   0.982541
0.0996098   0.975485
0.115048   0.967386
0.130293   0.958288
0.145364   0.948236
0.160274   0.937271
0.175036   0.92543
0.189659   0.91275
0.204154   0.899266
0.218529   0.88501
0.232793   0.870012
0.246954   0.854301
0.26102   0.837904
0.274998   0.820848
0.288893   0.803156
0.302714   0.784853
0.316465   0.765963
0.330152   0.746506
0.34378   0.726505
0.357355   0.705981
0.37088   0.684955
0.38436   0.663447
0.397799   0.641478
0.4112   0.619067
0.424568   0.596234
0.437905   0.572999
0.451215   0.549382
0.464501   0.525401
0.477766   0.501076
0.491012   0.476426
0.504241   0.451471
0.517458   0.42623
0.530663   0.400722
0.54386   0.374966
0.55705   0.348981
0.570236   0.322787
0.58342   0.296404
0.596604   0.269849
0.609791   0.243144
0.622981   0.216307
0.636178   0.189357
0.649383   0.162315
0.662599   0.135199
0.675826   0.10803
0.689068   0.0808262
0.702327   0.0536083
0.715604   0.0263958
0.728901   -0.00079169
0.742221   -0.0279342
0.755565   -0.0550117
0.768937   -0.0820044
0.782338   -0.108892
0.79577   -0.135655
0.809236   -0.162273
0.822739   -0.188725
0.83628   -0.214991
0.849864   -0.24105
0.863491   -0.266883
0.877165   -0.292468
0.89089   -0.317785
0.904668   -0.342812
0.918502   -0.367528
0.932396   -0.391911
0.946354   -0.415941
0.960379   -0.439595
0.974476   -0.46285
0.988647   -0.485685
1.0029   -0.508075
1.01724   -0.529999
1.03166   -0.55143
1.04618   -0.572346
1.0608   -0.59272
1.07553   -0.612527
1.09036   -0.631739
1.10532   -0.650328
1.12039   -0.668265
1.1356   -0.68552
1.15094   -0.702061
1.16643   -0.717854
1.18206   -0.732864
1.19784   -0.747055
1.21378   -0.760386
1.22988   -0.772818
1.24614   -0.784309
1.26257   -0.794815
1.27914   -0.804291
1.29586   -0.812693
1.31272   -0.819979
1.3297   -0.82611
1.34676   -0.83105
1.3639   -0.834774
1.38107   -0.837262
1.39824   -0.838507
1.41537   -0.838514
1.43244   -0.8373
1.44942   -0.83489
1.46626   -0.831321
1.48296   -0.826636
1.49951   -0.82088
1.51587   -0.814103
1.53207   -0.806356
1.54809   -0.797685
1.56393   -0.788138
1.5796   -0.777758
1.59511   -0.766586
1.61047   -0.754661
1.62568   -0.742019
1.64076   -0.728691
1.65571   -0.714708
1.67054   -0.7001
1.68526   -0.684894
1.69988   -0.669114
1.7144   -0.652785
1.72884   -0.63593
1.7432   -0.618572
1.75749   -0.600732
1.77171   -0.58243
1.78587   -0.563688
1.79997   -0.544524
1.81403   -0.524958
1.82803   -0.50501
1.842   -0.484698
1.85593   -0.464041
1.86982   -0.443057
1.88368   -0.421765
1.89752   -0.400183
1.91134   -0.37833
1.92514   -0.356222
1.93892   -0.333879
1.95268   -0.311318
1.96644   -0.288557
1.98019   -0.265615
1.99393   -0.242508
2.00767   -0.219256
2.02142   -0.195875
2.03516   -0.172385
2.04891   -0.148802
2.06267   -0.125146
2.07644   -0.101434
2.09023   -0.0776839
2.10403   -0.0539144
2.11785   -0.0301434
2.13169   -0.00638918
2.14555   0.0173299
2.15944   0.0409954
2.17336   0.064589
2.18732   0.0880921
2.2013   0.111486
2.21533   0.134753
2.2294   0.157872
2.24351   0.180827
2.25766   0.203597
2.27187   0.226163
2.28614   0.248506
2.30046   0.270607
2.31485   0.292445
2.3293   0.314001
2.34382   0.335255
2.35842   0.356186
2.3731   0.376772
2.38786   0.396994
2.40271   0.416829
2.41766   0.436254
2.43272   0.455247
2.44788   0.473785
2.46316   0.491844
2.47856   0.509397
2.49408   0.526419
2.50975   0.542882
2.52556   0.558759
2.54153   0.574018
2.55765   0.588628
2.57395   0.602557
2.59042   0.615767
2.60708   0.628221
2.62393   0.63988
2.64097   0.650702
2.6582   0.660641
2.67564   0.669654
2.69326   0.677692
2.71106   0.684709
2.72902   0.690661
2.74713   0.695507
2.76534   0.699212
2.78362   0.70175
2.80193   0.703108
2.82023   0.703283
2.83848   0.702286
2.85662   0.700143
2.87463   0.696887
2.89248   0.692562
2.91014   0.687218
2.9276   0.680906
2.94485   0.67368
2.96189   0.66559
2.97872   0.656686
2.99535   0.647014
3.01178   0.636617
3.02803   0.625535
3.04411   0.613804
3.06002   0.601459
3.07578   0.588529
3.09141   0.575044
3.1069   0.561031
3.12227   0.546515
3.13754   0.531519
3.1527   0.516067
3.16777   0.500181
3.18276   0.48388
3.19767   0.467185
3.21251   0.450115
3.22728   0.43269
3.242   0.414929
3.25667   0.396848
3.27129   0.378468
3.28586   0.359804
3.3004   0.340875
3.31491   0.321698
3.32939   0.302291
3.34385   0.28267
3.35828   0.262852
3.3727   0.242855
3.38711   0.222696
3.40151   0.202391
3.4159   0.181957
3.43029   0.161411
3.44468   0.140771
3.45908   0.120052
3.47349   0.0992714
3.4879   0.0784468
3.50233   0.0575948
3.51678   0.0367323
3.53125   0.0158763
3.54575   -0.00495598
3.56027   -0.0257475
3.57482   -0.0464811
3.58941   -0.0671394
3.60404   -0.0877051
3.6187   -0.108161
3.63342   -0.128488
3.64818   -0.148671
3.663   -0.16869
3.67788   -0.188527
3.69282   -0.208165
3.70783   -0.227585
3.72291   -0.246767
3.73807   -0.265694
3.75332   -0.284346
3.76865   -0.302702
3.78408   -0.320744
3.79961   -0.338449
3.81524   -0.355798
3.831   -0.372768
3.84688   -0.389337
3.86289   -0.405482
3.87904   -0.421177
3.89535   -0.436398
3.91181   -0.451118
3.92844   -0.465309
3.94526   -0.478941
3.96226   -0.491982
3.97947   -0.504398
3.99688   -0.516155
4.01452   -0.527212
4.03239   -0.537529
4.0505   -0.547062
4.06885   -0.555764
4.08743   -0.563587
4.10625   -0.570482
4.12529   -0.576398
4.14452   -0.581288
4.16392   -0.585109
4.18345   -0.587827
4.20306   -0.589417
4.22269   -0.589868
4.24228   -0.589185
4.26179   -0.587388
4.28115   -0.584508
4.30034   -0.580591
4.31931   -0.575687
4.33805   -0.569851
4.35654   -0.563142
4.37477   -0.555614
4.39275   -0.54732
4.41049   -0.538311
4.42799   -0.528632
4.44527   -0.518324
4.46234   -0.507425
4.47922   -0.495972
4.49591   -0.483994
4.51244   -0.471521
4.52882   -0.458581
4.54506   -0.445198
4.56116   -0.431396
4.57715   -0.417197
4.59304   -0.402622
4.60882   -0.387692
4.62452   -0.372426
4.64013   -0.356842
4.65567   -0.340961
4.67115   -0.324798
4.68657   -0.308372
4.70194   -0.291699
4.71726   -0.274798
4.73255   -0.257684
4.74779   -0.240374
4.76301   -0.222885
4.77821   -0.205233
4.79338   -0.187434
4.80855   -0.169504
4.8237   -0.151459
4.83884   -0.133315
4.85399   -0.115089
4.86914   -0.0967962
4.88429   -0.0784526
4.89946   -0.0600744
4.91464   -0.0416776
4.92984   -0.0232783
4.94507   -0.00489255
4.96033   0.0134634
4.97562   0.0317733
4.99094   0.0500207
5.00631   0.0681893
5.02173   0.0862625
5.03719   0.104224
5.05272   0.122056
5.0683   0.139742
5.08396   0.157264
5.09968   0.174606
5.11549   0.19175
5.13138   0.208677
5.14737   0.225369
5.16345   0.241808
5.17964   0.257974
5.19594   0.273847
5.21237   0.289407
5.22893   0.304634
5.24563   0.319505
5.26248   0.333997
5.2795   0.348087
5.29669   0.36175
5.31407   0.374959
5.33165   0.387687
5.34944   0.399903
5.36745   0.411576
5.38571   0.422672
5.40422   0.433152
5.423   0.442978
5.44206   0.452106
5.46141   0.460489
5.48105   0.468078
5.50099   0.474821
5.52121   0.480665
5.54169   0.485555
5.56242   0.489442
5.58334   0.492282
5.60439   0.494039
5.62552   0.494695
5.64665   0.494245
5.66771   0.492703
5.68862   0.490102
5.70934   0.486484
5.72981   0.481904
5.74999   0.476423
5.76988   0.470103
5.78947   0.463004
5.80875   0.455184
5.82773   0.446695
5.84643   0.437588
5.86486   0.427905
5.88304   0.417687
5.90099   0.406968
5.91872   0.395781
5.93626   0.384156
5.95362   0.372119
5.97082   0.359696
5.98787   0.346908
6.00478   0.333779
6.02157   0.320328
6.03825   0.306576
6.05483   0.292541
6.07131   0.278242
6.08772   0.263695
6.10406   0.248919
6.12033   0.23393
6.13655   0.218745
6.15272   0.20338
6.16885   0.187851
6.18495   0.172174
6.20102   0.156364
6.21707   0.140437
6.2331   0.124409
6.24912   0.108296
6.26514   0.0921117
6.28116   0.0758726
6.29719   0.0595939
6.31323   0.0432909
6.32929   0.0269791
6.34537   0.0106739
6.36148   -0.00560913
6.37763   -0.0218545
6.39382   -0.0380465
6.41005   -0.0541693
6.42634   -0.0702071
6.44268   -0.0861437
6.45909   -0.101963
6.47558   -0.117648
6.49214   -0.133183
6.50879   -0.14855
6.52553   -0.163733
6.54237   -0.178712
6.55933   -0.193472
6.5764   -0.207992
6.59361   -0.222254
6.61095   -0.236237
6.62845   -0.249923
6.64611   -0.263288
6.66394   -0.27631
6.68197   -0.288967
6.7002   -0.301233
6.71865   -0.313081
6.73734   -0.324484
6.75628   -0.33541
6.77549   -0.345827
6.79499   -0.355698
6.81481   -0.364986
6.83495   -0.373647
6.85543   -0.381635
6.87626   -0.3889
6.89746   -0.395387
6.91902   -0.40104
6.94092   -0.4058
6.96314   -0.40961
6.98563   -0.412418
7.00834   -0.41418
7.03117   -0.414868
7.05403   -0.414472
7.07684   -0.413002
7.0995   -0.410489
7.12192   -0.40698
7.14406   -0.402535
7.16585   -0.39722
7.18729   -0.391103
7.20835   -0.384252
7.22904   -0.376727
7.24938   -0.368585
7.26937   -0.359878
7.28905   -0.350652
7.30843   -0.340945
7.32755   -0.330795
7.34641   -0.320233
7.36504   -0.309289
7.38347   -0.297988
7.40172   -0.286355
7.41979   -0.274413
7.43772   -0.262182
7.4555   -0.249682
7.47317   -0.236933
7.49073   -0.223952
7.50819   -0.210756
7.52557   -0.197364
7.54287   -0.183791
7.56011   -0.170053
7.57729   -0.156167
7.59443   -0.142148
7.61153   -0.128012
7.6286   -0.113773
7.64565   -0.0994479
7.66269   -0.0850505
7.67972   -0.0705962
7.69675   -0.0561
7.71379   -0.041577
7.73084   -0.027042
7.74792   -0.0125102
7.76503   0.00200349
7.78218   0.0164838
7.79937   0.0309155
7.81662   0.0452833
7.83392   0.0595715
7.85129   0.0737646
7.86874   0.0878464
7.88628   0.101801
7.90391   0.115612
7.92164   0.129262
7.93949   0.142734
7.95746   0.156011
7.97557   0.169074
7.99383   0.181904
8.01225   0.194482
8.03085   0.206788
8.04964   0.2188
8.06863   0.230495
8.08785   0.24185
8.10731   0.252838
8.12704   0.263434
8.14705   0.273607
8.16737   0.283325
8.18803   0.292553
8.20904   0.301253
8.23043   0.309382
8.25222   0.316894
8.27444   0.323737
8.2971   0.329855
8.3202   0.335187
8.34374   0.33967
8.36769   0.343241
8.392   0.345839
8.41659   0.347415
8.44136   0.347932
8.4662   0.347378
8.49098   0.345764
8.51558   0.343124
8.53989   0.339512
8.56384   0.334997
8.58738   0.329653
8.61047   0.323555
8.6331   0.316776
8.65529   0.309381
8.67706   0.30143
8.69842   0.292975
8.71941   0.28406
8.74007   0.274726
8.76041   0.265008
8.78047   0.254938
8.80027   0.244541
8.81985   0.233845
8.83922   0.222872
8.85841   0.211643
8.87744   0.200178
8.89632   0.188497
8.91507   0.176617
8.93372   0.164556
8.95226   0.15233
8.97073   0.139956
8.98912   0.127449
9.00745   0.114826
9.02573   0.102101
9.04398   0.0892895
9.0622   0.0764069
9.08041   0.0634679
9.09861   0.0504873
9.11681   0.0374799
9.13502   0.0244606
9.15326   0.0114441
9.17153   -0.00155473
9.18984   -0.0145209
9.2082   -0.0274393
9.22662   -0.0402948
9.24512   -0.0530719
9.26369   -0.0657551
9.28236   -0.0783283
9.30113   -0.0907754
9.32002   -0.10308
9.33904   -0.115224
9.3582   -0.127192
9.37752   -0.138963
9.39701   -0.150521
9.41669   -0.161844
9.43658   -0.172912
9.4567   -0.183704
9.47706   -0.194196
9.4977   -0.204363
9.51863   -0.214179
9.53988   -0.223615
9.56149   -0.232638
9.58348   -0.241214
9.60588   -0.249305
9.62872   -0.256868
9.65204   -0.263855
9.67588   -0.270212
9.70024   -0.275881
9.72515   -0.280796
9.7506   -0.284889
9.77657   -0.288089
9.80299   -0.29033
9.82977   -0.291555
9.85678   -0.291725
9.88386   -0.290829
9.91085   -0.288883
9.9376   -0.285933
9.96397   -0.282044
9.98987   -0.277298
10   -0.275197
