0    1    0
0.05    1.00328    0.05
0.1    0.995004    0.15
0.15    0.984241    0.19975
0.2    0.980067    0.299251
0.25    0.973444    0.348254
0.3    0.955336    0.446261
0.35    0.934842    0.494027
0.4    0.921061    0.589561
0.45    0.904979    0.635614
0.5    0.877583    0.72772
0.55    0.847994    0.771599
0.6    0.825336    0.859358
0.65    0.800616    0.900624
0.7    0.764842    0.900624
0.75    0.727158    0.938867
0.8    0.696707    0.938867
0.85    0.664515    0.973702
0.9    0.62161    0.973702
0.95    0.577152    1.00478
1    0.540302    1.00478
1.05    0.502103    1.0318
1.1    0.453596    1.0318
1.15    0.403956    1.05448
1.2    0.362358    1.05448
1.25    0.319854    1.0726
1.3    0.267499    1.0726
1.35    0.214476    1.08597
1.4    0.169967    1.08597
1.45    0.125034    1.09447
1.5    0.0707372    1.09447
1.55    0.0162635    1.09801
1.6    -0.0291995    1.09801
1.65    -0.0745897    1.09655
1.7    -0.128844    1.09655
1.75    -0.182777    1.0901
1.8    -0.227202    1.0901
1.85    -0.271059    1.07874
1.9    -0.32329    1.07874
1.95    -0.374712    1.06258
2    -0.416147    1.06258
2.05    -0.456542    1.04177
2.1    -0.504846    1.00016
2.15    -0.551889    0.974914
2.2    -0.588501    0.92443
2.25    -0.623643    0.895005
2.3    -0.666276    0.836154
2.35    -0.707245    0.802841
2.4    -0.737394    0.736213
2.45    -0.765701    0.699343
2.5    -0.801144    0.625604
2.55    -0.834585    0.585547
2.6    -0.856889    0.505432
2.65    -0.877052    0.462588
2.7    -0.904072    0.376899
2.75    -0.928834    0.331695
2.8    -0.942222    0.241288
2.85    -0.953257    0.194177
2.9    -0.970958    0.0999549
2.95    -0.986234    0.051407
3    -0.989992    -0.0456888
3.05    -0.991278    -0.0951884
3.1    -0.999135    -0.194188
3.15    -1.0045    -0.244144
3.2    -0.998295    -0.344058
3.25    -0.989599    -0.393973
3.3    -0.98748    -0.493802
3.35    -0.982894    -0.543176
3.4    -0.966798    -0.641924
3.45    -0.948288    -0.690264
3.5    -0.936457    -0.786944
3.55    -0.922287    -0.833767
3.6    -0.896758    -0.927412
3.65    -0.86899    -0.97225
3.7    -0.8481    -1.06193
3.75    -0.825091    -1.10433
3.8    -0.790968    -1.18914
3.85    -0.754868    -1.22869
3.9    -0.725932    -1.30779
3.95    -0.695183    -1.34408
4    -0.653644    -1.41668
4.05    -0.610472    -1.44936
4.1    -0.574824    -1.51472
4.15    -0.53774    -1.54346
4.2    -0.490261    -1.60095
4.25    -0.441557    -1.62546
4.3    -0.400799    -1.67449
4.35    -0.359041    -1.69453
4.4    -0.307333    -1.73461
4.45    -0.254857    -1.74997
4.5    -0.210796    -1.78071
4.55    -0.166208    -1.79124
4.6    -0.112153    -1.81232
4.65    -0.0578173    -1.81793
4.7    -0.0123887    -1.82915
4.75    0.0330709    -1.82977
4.8    0.087499    -1.83101
4.85    0.141709    -1.82663
4.9    0.186512    -1.81788
4.95    0.23085    -1.80856
5    0.283662    -1.7899
5.05    0.335765    -1.77572
5.1    0.377978    -1.74735
5.15    0.419246    -1.72846
5.2    0.468517    -1.69066
5.25    0.516617    -1.66723
5.3    0.554374    -1.62038
5.35    0.590747    -1.59266
5.4    0.634693    -1.53722
5.45    0.677054    -1.50549
5.5    0.70867    -1.44202
5.55    0.738516    -1.40659
5.6    0.775566    -1.33572
5.65    0.810679    -1.29694
5.7    0.834713    -1.21939
5.75    0.856662    -1.17765
5.8    0.88552    -1.09418
5.85    0.912165    -1.0499
5.9    0.927478    -0.96135
5.95    0.940475    -0.914976
6    0.96017    -0.822229
6.05    0.977467    -0.77422
6.1    0.983268    -0.678203
6.15    0.986613    -0.62904
6.2    0.996542    -0.530713
6.25    1.00398    -0.480886
6.3    0.999859    -0.381231
6.35    0.993238    -0.331238
6.4    0.993185    -0.231253
6.45    0.990651    -0.181593
6.5    0.976588    -0.0822749
6.55    0.960085    -0.0334455
6.6    0.950233    0.0642133
6.65    0.938006    0.111725
6.7    0.914383    0.206748
6.75    0.888476    0.252467
6.8    0.869397    0.343906
6.85    0.848148    0.387376
6.9    0.815725    0.474315
6.95    0.781265    0.515102
7    0.753902    0.596674
7.05    0.724656    0.634369
7.1    0.684547    0.709759
7.15    0.642727    0.743987
7.2    0.608351    0.812441
7.25    0.572456    0.842859
7.3    0.526078    0.903694
7.35    0.478385    0.929998
7.4    0.438547    0.982606
7.45    0.397614    1.00453
7.5    0.346635    1.04839
7.55    0.294791    1.06572
7.6    0.25126    1.10038
7.65    0.207101    1.11295
7.7    0.153374    1.13807
7.75    0.0992631    1.14574
7.8    0.0539554    1.16108
7.85    0.00851293    1.16378
7.9    -0.0460021    1.16917
7.95    -0.100402    1.16687
8    -0.1455    1.16227
8.05    -0.190234    1.155
8.1    -0.243544    1.14045
8.15    -0.296246    1.12827
8.2    -0.339155    1.10391
8.25    -0.381217    1.08696
8.3    -0.431377    1.05304
8.35    -0.480459    1.03147
8.4    -0.519289    0.988335
8.45    -0.556821    0.96237
8.5    -0.602012    0.910441
8.55    -0.645699    0.880341
8.6    -0.67872    0.880341
8.65    -0.710046    0.846405
8.7    -0.748647    0.846405
8.75    -0.785378    0.808973
8.8    -0.811093    0.808973
8.85    -0.834782    0.768418
8.9    -0.865435    0.768418
8.95    -0.893926    0.725146
