0   4.95866
0.02   4.95525
0.04   4.95184
0.06   4.94842
0.08   4.94501
0.1   4.9416
0.12   4.93819
0.14   4.93477
0.16   4.93136
0.18   4.92795
0.2   4.92454
0.22   4.92112
0.24   4.91771
0.26   4.9143
0.28   4.91089
0.3   4.90747
0.32   4.90406
0.34   4.90065
0.36   4.89724
0.38   4.89382
0.4   4.89041
0.42   4.887
0.44   4.88359
0.46   4.88017
0.48   4.87676
0.5   4.87335
0.52   4.86994
0.54   4.86652
0.56   4.86311
0.58   4.8597
0.6   4.85629
0.62   4.85287
0.64   4.84946
0.66   4.84605
0.68   4.84264
0.7   4.83922
0.72   4.83581
0.74   4.8324
0.76   4.82899
0.78   4.82557
0.8   4.82216
0.82   4.81875
0.84   4.81534
0.86   4.81192
0.88   4.80851
0.9   4.8051
0.92   4.80169
0.94   4.79827
0.96   4.79486
0.98   4.79145
1   4.78804
1.02   4.78462
1.04   4.78121
1.06   4.7778
1.08   4.77439
1.1   4.77097
1.12   4.76756
1.14   4.76415
1.16   4.76074
1.18   4.75732
1.2   4.75391
1.22   4.7505
1.24   4.74709
1.26   4.74367
1.28   4.74026
1.3   4.73685
1.32   4.73344
1.34   4.73002
1.36   4.72661
1.38   4.7232
1.4   4.71979
1.42   4.71637
1.44   4.71296
1.46   4.70955
1.48   4.70614
1.5   4.70272
1.52   4.69931
1.54   4.6959
1.56   4.69249
1.58   4.68907
1.6   4.68566
1.62   4.68225
1.64   4.67884
1.66   4.67542
1.68   4.67201
1.7   4.6686
1.72   4.66519
1.74   4.66177
1.76   4.65836
1.78   4.65495
1.8   4.65154
1.82   4.64812
1.84   4.64471
1.86   4.6413
1.88   4.63789
1.9   4.63447
1.92   4.63106
1.94   4.62765
1.96   4.62424
1.98   4.62082
2   4.61741
2.02   4.614
2.04   4.61059
2.06   4.60717
2.08   4.60376
2.1   4.60035
2.12   4.59694
2.14   4.59352
2.16   4.59011
2.18   4.5867
2.2   4.58329
2.22   4.57987
2.24   4.57646
2.26   4.57305
2.28   4.56964
2.3   4.56622
2.32   4.56281
2.34   4.5594
2.36   4.55599
2.38   4.55257
2.4   4.54916
2.42   4.54575
2.44   4.54234
2.46   4.53892
2.48   4.53551
2.5   4.5321
2.52   4.52869
2.54   4.52528
2.56   4.52186
2.58   4.51845
2.6   4.51504
2.62   4.51163
2.64   4.50821
2.66   4.5048
2.68   4.50139
2.7   4.49798
2.72   4.49456
2.74   4.49115
2.76   4.48774
2.78   4.48433
2.8   4.48091
2.82   4.4775
2.84   4.47409
2.86   4.47068
2.88   4.46726
2.9   4.46385
2.92   4.46044
2.94   4.45703
2.96   4.45361
2.98   4.4502
3   4.44679
3.02   4.44338
3.04   4.43996
3.06   4.43655
3.08   4.43314
3.1   4.42973
3.12   4.42631
3.14   4.4229
3.16   4.41949
3.18   4.41608
3.2   4.41266
3.22   4.40925
3.24   4.40584
3.26   4.40243
3.28   4.39901
3.3   4.3956
3.32   4.39219
3.34   4.38878
3.36   4.38536
3.38   4.38195
3.4   4.37854
3.42   4.37513
3.44   4.37171
3.46   4.3683
3.48   4.36489
3.5   4.36148
3.52   4.35806
3.54   4.35465
3.56   4.35124
3.58   4.34783
3.6   4.34441
3.62   4.341
3.64   4.33759
3.66   4.33418
3.68   4.33076
3.7   4.32735
3.72   4.32394
3.74   4.32053
3.76   4.31711
3.78   4.3137
3.8   4.31029
3.82   4.30688
3.84   4.30346
3.86   4.30005
3.88   4.29664
3.9   4.29323
3.92   4.28981
3.94   4.2864
3.96   4.28299
3.98   4.27958
4   4.27616
4.02   4.27275
4.04   4.26934
4.06   4.26593
4.08   4.26251
4.1   4.2591
4.12   4.25569
4.14   4.25228
4.16   4.24886
4.18   4.24545
4.2   4.24204
4.22   4.23863
4.24   4.23521
4.26   4.2318
4.28   4.22839
4.3   4.22498
4.32   4.22156
4.34   4.21815
4.36   4.21474
4.38   4.21133
4.4   4.20791
4.42   4.2045
4.44   4.20109
4.46   4.19768
4.48   4.19426
4.5   4.19085
4.52   4.18744
4.54   4.18403
4.56   4.18061
4.58   4.1772
4.6   4.17379
4.62   4.17038
4.64   4.16696
4.66   4.16355
4.68   4.16014
4.7   4.15673
4.72   4.15331
4.74   4.1499
4.76   4.14649
4.78   4.14308
4.8   4.13966
4.82   4.13625
4.84   4.13284
4.86   4.12943
4.88   4.12601
4.9   4.1226
4.92   4.11919
4.94   4.11578
4.96   4.11236
4.98   4.10895
5   4.10554
5.02   4.10213
5.04   4.09872
5.06   4.0953
5.08   4.09189
5.1   4.08848
5.12   4.08507
5.14   4.08165
5.16   4.07824
5.18   4.07483
5.2   4.07142
5.22   4.068
5.24   4.06459
5.26   4.06118
5.28   4.05777
5.3   4.05435
5.32   4.05094
5.34   4.04753
5.36   4.04412
5.38   4.0407
5.4   4.03729
5.42   4.03388
5.44   4.03047
5.46   4.02705
5.48   4.02364
5.5   4.02023
5.52   4.01682
5.54   4.0134
5.56   4.00999
5.58   4.00658
5.6   4.00317
5.62   3.99975
5.64   3.99634
5.66   3.99293
5.68   3.98952
5.7   3.9861
5.72   3.98269
5.74   3.97928
5.76   3.97587
5.78   3.97245
5.8   3.96904
5.82   3.96563
5.84   3.96222
5.86   3.9588
5.88   3.95539
5.9   3.95198
5.92   3.94857
5.94   3.94515
5.96   3.94174
5.98   3.93833
6   3.93492
6.02   3.9315
6.04   3.92809
6.06   3.92468
6.08   3.92127
6.1   3.91785
6.12   3.91444
6.14   3.91103
6.16   3.90762
6.18   3.9042
6.2   3.90079
6.22   3.89738
6.24   3.89397
6.26   3.89055
6.28   3.88714
6.3   3.88373
6.32   3.88032
6.34   3.8769
6.36   3.87349
6.38   3.87008
6.4   3.86667
6.42   3.86325
6.44   3.85984
6.46   3.85643
6.48   3.85302
6.5   3.8496
6.52   3.84619
6.54   3.84278
6.56   3.83937
6.58   3.83595
6.6   3.83254
6.62   3.82913
6.64   3.82572
6.66   3.8223
6.68   3.81889
6.7   3.81548
6.72   3.81207
6.74   3.80865
6.76   3.80524
6.78   3.80183
6.8   3.79842
6.82   3.795
6.84   3.79159
6.86   3.78818
6.88   3.78477
6.9   3.78135
6.92   3.77794
6.94   3.77453
6.96   3.77112
6.98   3.7677
7   3.76429
7.02   3.76088
7.04   3.75747
7.06   3.75405
7.08   3.75064
7.1   3.74723
7.12   3.74382
7.14   3.7404
7.16   3.73699
7.18   3.73358
7.2   3.73017
7.22   3.72675
7.24   3.72334
7.26   3.71993
7.28   3.71652
7.3   3.7131
7.32   3.70969
7.34   3.70628
7.36   3.70287
7.38   3.69945
7.4   3.69604
7.42   3.69263
7.44   3.68922
7.46   3.6858
7.48   3.68239
7.5   3.67898
7.52   3.67557
7.54   3.67216
7.56   3.66874
7.58   3.66533
7.6   3.66192
7.62   3.65851
7.64   3.65509
7.66   3.65168
7.68   3.64827
7.7   3.64486
7.72   3.64144
7.74   3.63803
7.76   3.63462
7.78   3.63121
7.8   3.62779
7.82   3.62438
7.84   3.62097
7.86   3.61756
7.88   3.61414
7.9   3.61073
7.92   3.60732
7.94   3.60391
7.96   3.60049
7.98   3.59708
8   3.59367
8.02   3.59026
8.04   3.58684
8.06   3.58343
8.08   3.58002
8.1   3.57661
8.12   3.57319
8.14   3.56978
8.16   3.56637
8.18   3.56296
8.2   3.55954
8.22   3.55613
8.24   3.55272
8.26   3.54931
8.28   3.54589
8.3   3.54248
8.32   3.53907
8.34   3.53566
8.36   3.53224
8.38   3.52883
8.4   3.52542
8.42   3.52201
8.44   3.51859
8.46   3.51518
8.48   3.51177
8.5   3.50836
8.52   3.50494
8.54   3.50153
8.56   3.49812
8.58   3.49471
8.6   3.49129
8.62   3.48788
8.64   3.48447
8.66   3.48106
8.68   3.47764
8.7   3.47423
8.72   3.47082
8.74   3.46741
8.76   3.46399
8.78   3.46058
8.8   3.45717
8.82   3.45376
8.84   3.45034
8.86   3.44693
8.88   3.44352
8.9   3.44011
8.92   3.43669
8.94   3.43328
8.96   3.42987
8.98   3.42646
9   3.42304
9.02   3.41963
9.04   3.41622
9.06   3.41281
9.08   3.40939
9.1   3.40598
9.12   3.40257
9.14   3.39916
9.16   3.39574
9.18   3.39233
9.2   3.38892
9.22   3.38551
9.24   3.38209
9.26   3.37868
9.28   3.37527
9.3   3.37186
9.32   3.36844
9.34   3.36503
9.36   3.36162
9.38   3.35821
9.4   3.35479
9.42   3.35138
9.44   3.34797
9.46   3.34456
9.48   3.34114
9.5   3.33773
9.52   3.33432
9.54   3.33091
9.56   3.32749
9.58   3.32408
9.6   3.32067
9.62   3.31726
9.64   3.31384
9.66   3.31043
9.68   3.30702
9.7   3.30361
9.72   3.30019
9.74   3.29678
9.76   3.29337
9.78   3.28996
9.8   3.28654
9.82   3.28313
9.84   3.27972
9.86   3.27631
9.88   3.27289
9.9   3.26948
9.92   3.26607
9.94   3.26266
9.96   3.25924
9.98   3.25583
10   3.25242
10.02   3.24901
10.04   3.2456
10.06   3.24218
10.08   3.23877
10.1   3.23536
10.12   3.23195
10.14   3.22853
10.16   3.22512
10.18   3.22171
10.2   3.2183
10.22   3.21488
10.24   3.21147
10.26   3.20806
10.28   3.20465
10.3   3.20123
10.32   3.19782
10.34   3.19441
10.36   3.191
10.38   3.18758
10.4   3.18417
10.42   3.18076
10.44   3.17735
10.46   3.17393
10.48   3.17052
10.5   3.16711
10.52   3.1637
10.54   3.16028
10.56   3.15687
10.58   3.15346
10.6   3.15005
10.62   3.14663
10.64   3.14322
10.66   3.13981
10.68   3.1364
10.7   3.13298
10.72   3.12957
10.74   3.12616
10.76   3.12275
10.78   3.11933
10.8   3.11592
10.82   3.11251
10.84   3.1091
10.86   3.10568
10.88   3.10227
10.9   3.09886
10.92   3.09545
10.94   3.09203
10.96   3.08862
10.98   3.08521
11   3.0818
11.02   3.07838
11.04   3.07497
11.06   3.07156
11.08   3.06815
11.1   3.06473
11.12   3.06132
11.14   3.05791
11.16   3.0545
11.18   3.05108
11.2   3.04767
11.22   3.04426
11.24   3.04085
11.26   3.03743
11.28   3.03402
11.3   3.03061
11.32   3.0272
11.34   3.02378
11.36   3.02037
11.38   3.01696
11.4   3.01355
11.42   3.01013
11.44   3.00672
11.46   3.00331
11.48   2.9999
11.5   2.99648
11.52   2.99307
11.54   2.98966
11.56   2.98625
11.58   2.98283
11.6   2.97942
11.62   2.97601
11.64   2.9726
11.66   2.96918
11.68   2.96577
11.7   2.96236
11.72   2.95895
11.74   2.95553
11.76   2.95212
11.78   2.94871
11.8   2.9453
11.82   2.94188
11.84   2.93847
11.86   2.93506
11.88   2.93165
11.9   2.92823
11.92   2.92482
11.94   2.92141
11.96   2.918
11.98   2.91458
12   2.91117
12.02   2.90776
12.04   2.90435
12.06   2.90093
12.08   2.89752
12.1   2.89411
12.12   2.8907
12.14   2.88728
12.16   2.88387
12.18   2.88046
12.2   2.87705
12.22   2.87363
12.24   2.87022
12.26   2.86681
12.28   2.8634
12.3   2.85998
12.32   2.85657
12.34   2.85316
12.36   2.84975
12.38   2.84633
12.4   2.84292
12.42   2.83951
12.44   2.8361
12.46   2.83268
12.48   2.82927
12.5   2.82586
12.52   2.82245
12.54   2.81904
12.56   2.81562
12.58   2.81221
12.6   2.8088
12.62   2.80539
12.64   2.80197
12.66   2.79856
12.68   2.79515
12.7   2.79174
12.72   2.78832
12.74   2.78491
12.76   2.7815
12.78   2.77809
12.8   2.77467
12.82   2.77126
12.84   2.76785
12.86   2.76444
12.88   2.76102
12.9   2.75761
12.92   2.7542
12.94   2.75079
12.96   2.74737
12.98   2.74396
13   2.74055
13.02   2.73714
13.04   2.73372
13.06   2.73031
13.08   2.7269
13.1   2.72349
13.12   2.72007
13.14   2.71666
13.16   2.71325
13.18   2.70984
13.2   2.70642
13.22   2.70301
13.24   2.6996
13.26   2.69619
13.28   2.69277
13.3   2.68936
13.32   2.68595
13.34   2.68254
13.36   2.67912
13.38   2.67571
13.4   2.6723
13.42   2.66889
13.44   2.66547
13.46   2.66206
13.48   2.65865
13.5   2.65524
13.52   2.65182
13.54   2.64841
13.56   2.645
13.58   2.64159
13.6   2.63817
13.62   2.63476
13.64   2.63135
13.66   2.62794
13.68   2.62452
13.7   2.62111
13.72   2.6177
13.74   2.61429
13.76   2.61087
13.78   2.60746
13.8   2.60405
13.82   2.60064
13.84   2.59722
13.86   2.59381
13.88   2.5904
13.9   2.58699
13.92   2.58357
13.94   2.58016
13.96   2.57675
13.98   2.57334
14   2.56992
14.02   2.56651
14.04   2.5631
14.06   2.55969
14.08   2.55627
14.1   2.55286
14.12   2.54945
14.14   2.54604
14.16   2.54262
14.18   2.53921
14.2   2.5358
14.22   2.53239
14.24   2.52897
14.26   2.52556
14.28   2.52215
14.3   2.51874
14.32   2.51532
14.34   2.51191
14.36   2.5085
14.38   2.50509
14.4   2.50167
14.42   2.49826
14.44   2.49485
14.46   2.49144
14.48   2.48802
14.5   2.48461
14.52   2.4812
14.54   2.47779
14.56   2.47437
14.58   2.47096
14.6   2.46755
14.62   2.46414
14.64   2.46072
14.66   2.45731
14.68   2.4539
14.7   2.45049
14.72   2.44707
14.74   2.44366
14.76   2.44025
14.78   2.43684
14.8   2.43342
14.82   2.43001
14.84   2.4266
14.86   2.42319
14.88   2.41977
14.9   2.41636
14.92   2.41295
14.94   2.40954
14.96   2.40612
14.98   2.40271
15   2.3993
15.02   2.39589
15.04   2.39248
15.06   2.38906
15.08   2.38565
15.1   2.38224
15.12   2.37883
15.14   2.37541
15.16   2.372
15.18   2.36859
15.2   2.36518
15.22   2.36176
15.24   2.35835
15.26   2.35494
15.28   2.35153
15.3   2.34811
15.32   2.3447
15.34   2.34129
15.36   2.33788
15.38   2.33446
15.4   2.33105
15.42   2.32764
15.44   2.32423
15.46   2.32081
15.48   2.3174
15.5   2.31399
15.52   2.31058
15.54   2.30716
15.56   2.30375
15.58   2.30034
15.6   2.29693
15.62   2.29351
15.64   2.2901
15.66   2.28669
15.68   2.28328
15.7   2.27986
15.72   2.27645
15.74   2.27304
15.76   2.26963
15.78   2.26621
15.8   2.2628
15.82   2.25939
15.84   2.25598
15.86   2.25256
15.88   2.24915
15.9   2.24574
15.92   2.24233
15.94   2.23891
15.96   2.2355
15.98   2.23209
16   2.22868
