1   0
0.992198   0.124675
0.968912   0.247404
0.930508   0.366273
0.877583   0.479426
0.810963   0.585097
0.731689   0.681639
0.640997   0.767544
0.540302   0.841471
0.431177   0.902268
0.315322   0.948985
0.194548   0.980893
0.0707372   0.997495
-0.0541771   0.998531
-0.178246   0.983986
-0.299534   0.954086
-0.416147   0.909297
-0.526266   0.85032
-0.628174   0.778073
-0.720278   0.693685
-0.801144   0.598472
-0.869507   0.49392
-0.924302   0.381661
-0.964674   0.263446
-0.989992   0.14112
-0.999862   0.0165919
-0.99413   -0.108195
-0.972884   -0.231294
-0.936457   -0.350783
-0.885416   -0.464799
-0.820559   -0.571561
-0.742898   -0.669405
-0.653644   -0.756802
-0.55419   -0.832391
-0.446087   -0.894989
-0.331024   -0.943622
-0.210796   -0.97753
-0.0872778   -0.996184
0.0376022   -0.999293
0.161895   -0.986808
0.283662   -0.958924
0.401003   -0.916077
0.512085   -0.858934
0.615177   -0.788389
0.70867   -0.70554
0.791104   -0.611682
0.861192   -0.508279
0.917843   -0.396944
0.96017   -0.279415
0.987515   -0.157526
0.999449   -0.0331792
0.995788   0.0916857
0.976588   0.21512
0.942148   0.335197
0.893006   0.450044
0.82993   0.557868
0.753902   0.656987
0.66611   0.745853
0.567924   0.823081
0.460876   0.887465
0.346635   0.938
0.226986   0.973898
0.103794   0.994599
-0.0210168   0.999779
-0.1455   0.989358
-0.267713   0.963499
-0.385748   0.922604
-0.497764   0.867313
-0.602012   0.798487
-0.696866   0.717201
-0.780846   0.624724
-0.852641   0.522498
-0.91113   0.412118
-0.955402   0.295308
-0.984765   0.173889
-0.998761   0.0497574
-0.997172   -0.0751511
-0.980022   -0.198887
-0.94758   -0.319519
-0.900351   -0.435165
-0.839072   -0.544021
-0.764699   -0.644387
-0.678394   -0.734698
-0.581502   -0.813545
-0.475537   -0.879696
-0.362151   -0.93212
-0.243113   -0.969998
-0.120282   -0.99274
0.0044257   -0.99999
0.129065   -0.991636
0.25169   -0.967808
0.370387   -0.928877
0.483305   -0.875452
0.588681   -0.808366
0.68487   -0.728665
0.770373   -0.637594
0.843854   -0.536573
0.904167   -0.427179
0.950371   -0.311119
0.981744   -0.190205
0.997798   -0.0663219
0.998282   0.0585958
0.983187   0.182599
0.952751   0.303753
0.907447   0.420167
0.847982   0.530024
0.775285   0.631611
0.690491   0.723341
0.594921   0.803784
0.490067   0.871685
0.377567   0.925982
0.259174   0.965831
0.136737   0.990607
0.0121666   0.999926
-0.112594   0.993641
-0.235597   0.971851
-0.354924   0.934895
-0.468713   0.883351
-0.575187   0.818022
-0.672686   0.739928
-0.759688   0.650288
-0.834835   0.5505
-0.896955   0.442122
-0.945078   0.326845
-0.978453   0.206467
-0.996561   0.0828681
-0.999117   -0.0420244
-0.986082   -0.166261
-0.957659   -0.287903
-0.914293   -0.405053
-0.85666   -0.515882
-0.785658   -0.618661
-0.702397   -0.711785
-0.608175   -0.793803
-0.504463   -0.863433
-0.392878   -0.91959
-0.275163   -0.961397
-0.153154   -0.988202
-0.0287556   -0.999586
0.0960919   -0.995372
0.21944   -0.975626
0.339364   -0.940655
0.453992   -0.891006
0.561536   -0.827453
0.660317   -0.750987
0.748794   -0.662803
0.825586   -0.564276
0.889496   -0.456943
0.939525   -0.342481
0.974893   -0.222673
0.995048   -0.0993915
0.999676   0.0254413
0.988705   0.149877
0.962305   0.271974
0.920888   0.389827
0.865101   0.501597
0.795815   0.60554
0.71411   0.700033
0.621262   0.783603
0.518719   0.854945
0.408082   0.912945
0.291077   0.9567
0.16953   0.985525
0.0453367   0.998972
-0.0795636   0.99683
-0.203222   0.979133
-0.32371   0.946156
-0.439146   0.898416
-0.547729   0.836656
-0.647766   0.76184
-0.737694   0.675136
-0.81611   0.577896
-0.881792   0.471639
-0.933713   0.358022
-0.971064   0.238818
-0.993262   0.115888
-0.999961   -0.00885131
-0.991055   -0.133452
-0.966685   -0.25597
-0.927229   -0.374494
-0.873305   -0.487175
-0.805752   -0.592252
-0.725627   -0.688088
-0.634178   -0.773187
-0.532833   -0.84622
-0.423173   -0.906049
-0.30691   -0.951738
-0.185858   -0.982577
-0.0619053   -0.998082
0.0630133   -0.998013
0.186949   -0.98237
0.307967   -0.951397
0.424179   -0.905578
0.533772   -0.845628
0.635036   -0.772483
0.72639   -0.687282
0.806409   -0.591358
0.873845   -0.486205
0.927644   -0.373465
0.966968   -0.254897
0.991203   -0.132352
0.99997   -0.00774115
0.993133   0.11699
0.970799   0.239896
0.933315   0.359058
0.881268   0.472618
0.815468   0.578802
0.736944   0.675954
0.646919   0.762558
0.5468   0.837263
0.438148   0.898903
0.322659   0.946515
0.202135   0.979358
0.0784568   0.996918
-0.0464457   0.998921
-0.170624   0.985336
-0.292139   0.956376
-0.409095   0.912492
-0.519668   0.854368
-0.622132   0.782913
-0.714887   0.69924
-0.796487   0.604656
-0.865658   0.500636
-0.92132   0.388805
-0.962606   0.270906
-0.98887   0.148779
-0.999704   0.0243315
-0.994937   -0.100496
-0.974645   -0.223756
-0.939144   -0.343523
-0.888988   -0.457931
-0.824959   -0.565192
-0.748058   -0.663634
-0.659483   -0.75172
-0.560617   -0.828076
-0.453002   -0.891509
-0.338319   -0.941031
-0.218357   -0.975869
-0.0949868   -0.995479
0.0298653   -0.999554
0.154251   -0.988032
0.276231   -0.961091
0.393899   -0.919154
0.505421   -0.862873
0.609056   -0.793127
0.703187   -0.711005
0.786345   -0.617788
0.857232   -0.51493
0.914742   -0.404038
0.957979   -0.28684
0.986266   -0.165166
0.999163   -0.0409151
0.996468   0.0839745
0.978224   0.207554
0.944715   0.327894
0.896463   0.443118
0.834223   0.551427
0.758965   0.651131
0.671864   0.740674
0.574279   0.81866
0.467732   0.88387
0.353886   0.935289
0.234518   0.972112
0.111491   0.993765
-0.0132767   0.999912
-0.137837   0.990455
-0.260246   0.965542
-0.378594   0.925563
-0.491035   0.87114
-0.595813   0.803123
-0.691293   0.722574
-0.775986   0.63075
-0.84857   0.529083
-0.907913   0.419159
-0.953087   0.302695
-0.98339   0.181507
-0.998346   0.0574875
-0.997724   -0.0674296
-0.981533   -0.191294
-0.950025   -0.312174
-0.903692   -0.428183
-0.843258   -0.537509
-0.769665   -0.638449
-0.684061   -0.729425
-0.587783   -0.809019
-0.482333   -0.875988
-0.369356   -0.929288
-0.250615   -0.968087
-0.127964   -0.991779
-0.00331551   -0.999995
0.121384   -0.992606
0.24419   -0.969727
0.363185   -0.931717
0.476513   -0.879167
0.582405   -0.812899
0.679209   -0.733945
0.765414   -0.643538
0.839675   -0.543089
0.900833   -0.434166
0.947934   -0.318467
0.980243   -0.197799
0.997255   -0.074044
0.998705   0.0508662
0.984572   0.174983
0.955074   0.296369
0.910672   0.41313
0.85206   0.523444
0.780152   0.62559
0.696069   0.717975
0.601125   0.799155
0.4968   0.867865
0.384723   0.923032
0.266643   0.963795
0.144402   0.989519
0.0199069   0.999802
-0.104898   0.994483
-0.228067   0.973645
-0.347676   0.937615
-0.461861   0.886953
-0.568838   0.82245
-0.666938   0.745113
-0.754631   0.656149
-0.830549   0.556946
-0.893505   0.449052
-0.942519   0.334151
-0.976826   0.214036
-0.995889   0.0905802
-0.999412   -0.0342888
-0.987339   -0.158623
-0.959859   -0.280481
-0.917401   -0.397963
-0.860628   -0.509235
-0.790424   -0.61256
-0.707886   -0.706327
-0.614302   -0.789071
-0.511132   -0.859502
-0.399985   -0.916522
-0.282597   -0.959239
-0.1608   -0.986987
-0.0364927   -0.999334
0.0883837   -0.996087
0.211881   -0.977295
0.332072   -0.943254
0.447081   -0.894494
0.555113   -0.831775
0.654483   -0.756076
0.743641   -0.66858
0.821193   -0.57065
0.885932   -0.463816
0.936846   -0.349743
0.97314   -0.230214
0.994249   -0.107091
0.999843   0.0177019
0.989835   0.142219
0.964381   0.264517
0.923878   0.382687
0.868958   0.494885
0.800479   0.599361
0.719508   0.694484
0.627309   0.77877
0.525322   0.850904
0.415137   0.909759
0.298474   0.954418
0.177154   0.984183
0.0530685   0.998591
-0.0718446   0.997416
-0.195637   0.980676
-0.316376   0.948634
-0.432178   0.901788
-0.541236   0.840871
-0.641849   0.766831
-0.732445   0.680826
-0.811612   0.584197
-0.878114   0.478451
-0.930914   0.365239
-0.969186   0.246328
-0.992335   0.123573
-0.999999   -0.0011102
-0.992059   -0.125776
-0.968637   -0.248479
-0.9301   -0.367305
-0.87705   -0.4804
-0.810313   -0.585997
-0.730932   -0.682451
-0.640144   -0.768255
-0.539368   -0.84207
-0.430175   -0.902746
-0.314269   -0.949334
-0.193459   -0.981108
-0.0696297   -0.997573
0.0552857   -0.998471
0.179338   -0.983787
0.300593   -0.953753
0.417156   -0.908835
0.52721   -0.849735
0.629037   -0.777375
0.721048   -0.692885
0.801808   -0.597582
0.870055   -0.492955
0.924726   -0.380635
0.964966   -0.262375
0.990149   -0.140021
0.99988   -0.0154818
0.994009   0.109299
0.972627   0.232374
0.936067   0.351823
0.8849   0.465781
0.819924   0.572472
0.742154   0.670229
0.652803   0.757528
0.553265   0.833005
0.445094   0.895484
0.329977   0.943989
0.20971   0.977764
0.0861718   0.99628
-0.0387115   0.99925
-0.162991   0.986628
-0.284727   0.958609
-0.402019   0.915631
-0.513039   0.858365
-0.616052   0.787705
-0.709453   0.704753
-0.791782   0.610804
-0.861756   0.507323
-0.918283   0.395925
-0.96048   0.278349
-0.987689   0.15643
-0.999486   0.0320696
-0.995686   -0.0927912
-0.976348   -0.216204
-0.941775   -0.336243
-0.892506   -0.451035
-0.82931   -0.558789
-0.753172   -0.657823
-0.665282   -0.746592
-0.56701   -0.823711
-0.45989   -0.887976
-0.345594   -0.938384
-0.225904   -0.974149
-0.10269   -0.994713
0.0221268   -0.999755
0.146598   -0.989196
0.268782   -0.963201
0.386772   -0.922175
0.498726   -0.86676
0.602898   -0.797818
0.697662   -0.716427
0.781539   -0.623857
0.85322   -0.521551
0.911587   -0.411107
0.955729   -0.294247
0.984958   -0.172796
0.998816   -0.0486486
0.997088   0.0762581
0.979801   0.199975
0.947224   0.320571
0.899867   0.436165
0.838467   0.544952
0.763983   0.645236
0.677578   0.735451
0.580599   0.81419
0.47456   0.880223
0.361116   0.932521
0.242036   0.970267
0.11918   0.992873
-0.00553588   0.999985
-0.130166   0.991492
-0.252764   0.967528
-0.371418   0.928466
-0.484276   0.874915
-0.589578   0.807712
-0.685679   0.727904
-0.77108   0.636738
-0.844449   0.535636
-0.904641   0.426175
-0.950716   0.310064
-0.981955   0.189115
-0.997871   0.0652141
-0.998216   -0.0597041
-0.982984   -0.183691
-0.952413   -0.304811
-0.90698   -0.421174
-0.847393   -0.530966
-0.774584   -0.632471
-0.689687   -0.724108
-0.594028   -0.804444
-0.489099   -0.872228
-0.376538   -0.926401
-0.258102   -0.966118
-0.135637   -0.990759
-0.0110565   -0.999939
0.113697   -0.993515
0.236676   -0.971589
0.355962   -0.9345
0.469693   -0.88283
0.576095   -0.817383
0.673507   -0.739181
0.760409   -0.649444
0.835446   -0.549573
0.897445   -0.441126
0.94544   -0.325796
0.978682   -0.205381
0.996652   -0.0817617
0.999069   0.0431335
0.985897   0.167356
0.957339   0.288966
0.913843   0.406068
0.856086   0.516833
0.784971   0.619532
0.701606   0.712565
0.607293   0.794478
0.503504   0.863993
0.391857   0.920026
0.274096   0.961702
0.152057   0.988372
0.0276459   0.999618
-0.0971969   0.995265
-0.220523   0.975382
-0.340408   0.940278
-0.454981   0.890501
-0.562454   0.826829
-0.66115   0.750254
-0.749529   0.661971
-0.826212   0.563359
-0.890002   0.455956
-0.939905   0.341437
-0.97514   0.221591
-0.995158   0.0982868
-0.999647   -0.0265512
-0.988538   -0.150975
-0.962002   -0.273042
-0.920455   -0.390849
-0.864544   -0.502557
-0.795142   -0.606423
-0.713333   -0.700826
-0.620392   -0.784292
-0.51777   -0.85552
-0.407068   -0.913398
-0.290015   -0.957022
-0.168435   -0.985713
-0.0442276   -0.999021
0.0806702   -0.996741
0.204309   -0.978906
0.32476   -0.945796
0.440143   -0.897928
0.548658   -0.836047
0.648611   -0.76112
0.738443   -0.674316
0.816751   -0.57699
0.882315   -0.47066
0.93411   -0.356985
0.971329   -0.23774
0.99339   -0.114785
0.99995   0.00996146
0.990906   0.134552
0.9664   0.257043
0.926813   0.375524
0.872763   0.488144
0.805094   0.593147
0.724862   0.688894
0.633319   0.773891
0.531893   0.846811
0.422167   0.906518
0.305853   0.952079
0.184767   0.982782
0.0607972   0.99815
-0.0641213   0.997942
-0.188039   0.982162
-0.309023   0.951055
-0.425184   0.905107
-0.534711   0.845035
-0.635893   0.771777
-0.727153   0.686476
-0.807066   0.590462
-0.874384   0.485234
-0.928058   0.372435
-0.967251   0.253823
-0.991349   0.131251
-0.999978   0.00663098
-0.993003   -0.118093
-0.970532   -0.240974
-0.932916   -0.360094
-0.880742   -0.473596
-0.814825   -0.579707
-0.736193   -0.676772
-0.646072   -0.763276
-0.54587   -0.83787
-0.43715   -0.899389
-0.321608   -0.946873
-0.201048   -0.979581
-0.07735   -0.997004
0.0475547   -0.998869
0.171717   -0.985146
0.2932   -0.956051
0.410108   -0.912037
0.520616   -0.853791
0.623   -0.782222
0.715663   -0.698446
0.797158   -0.603771
0.866213   -0.499675
0.921751   -0.387782
0.962906   -0.269837
0.989035   -0.147682
0.99973   -0.0232216
0.994825   0.101601
0.974396   0.224838
0.938762   0.344566
0.888479   0.458917
0.824331   0.566108
0.74732   0.664464
0.658648   0.752452
0.559697   0.828697
0.452012   0.892012
0.337274   0.941406
0.217273   0.976111
0.0938816   0.995583
-0.030975   0.99952
-0.155348   0.98786
-0.277297   0.960784
-0.394919   0.918716
-0.506379   0.862311
-0.609936   0.792451
-0.703976   0.710224
-0.78703   0.616915
-0.857803   0.513978
-0.91519   0.403022
-0.958296   0.285776
-0.986449   0.164071
-0.999207   0.0398058
-0.996374   -0.0850807
-0.977993   -0.20864
-0.94435   -0.328943
-0.895971   -0.444113
-0.833611   -0.552352
-0.758242   -0.651973
-0.671042   -0.74142
-0.57337   -0.819297
-0.46675   -0.884389
-0.352848   -0.935681
-0.233439   -0.972372
-0.110387   -0.993889
0.0143868   -0.999897
0.138936   -0.990301
0.261318   -0.965253
0.379622   -0.925142
0.492002   -0.870594
0.596704   -0.802461
0.692095   -0.721807
0.776686   -0.629888
0.849157   -0.52814
0.908377   -0.418151
0.953423   -0.301637
0.98359   -0.180416
0.998409   -0.0563791
0.997649   0.0685372
0.98132   0.192384
0.949678   0.313229
0.903216   0.429186
0.84266   0.538445
0.768955   0.639303
0.683251   0.730184
0.586884   0.809671
0.48136   0.876523
0.368324   0.929698
0.24954   0.968364
0.126863   0.99192
0.00220532   0.999998
-0.122486   0.99247
-0.245267   0.969456
-0.36422   0.931313
-0.477489   0.878638
-0.583307   0.812251
-0.680023   0.73319
-0.766128   0.642688
-0.840277   0.542157
-0.901315   0.433165
-0.948287   0.317414
-0.980462   0.19671
-0.997337   0.0729368
-0.998648   -0.0519749
-0.984377   -0.176076
-0.954744   -0.297429
-0.910213   -0.414141
-0.851478   -0.52439
-0.779457   -0.626456
-0.695272   -0.718747
-0.600237   -0.799822
-0.495837   -0.868416
-0.383698   -0.923458
-0.265573   -0.964091
-0.143303   -0.989679
-0.0187969   -0.999823
0.106002   -0.994366
0.229148   -0.973392
0.348717   -0.937228
0.462845   -0.886439
0.56975   -0.821818
0.667765   -0.744372
0.755359   -0.655311
0.831166   -0.556024
0.894003   -0.44806
0.94289   -0.333105
0.977063   -0.212951
0.995989   -0.0894745
0.999373   0.0353983
0.987163   0.159719
0.959548   0.281547
0.916959   0.398981
0.860062   0.51019
0.789743   0.613437
0.707101   0.707112
0.613425   0.789753
0.510177   0.860069
0.398968   0.916965
0.281532   0.959552
0.159704   0.987165
0.0353832   0.999374
-0.0894895   0.995988
-0.212966   0.97706
-0.333119   0.942885
-0.448074   0.893997
-0.556036   0.831158
-0.655322   0.755349
-0.744382   0.667754
-0.821826   0.569738
-0.886446   0.462832
-0.937233   0.348703
-0.973395   0.229133
-0.994367   0.105988
-0.999823   -0.0188119
-0.989677   -0.143318
-0.964087   -0.265587
-0.923453   -0.383712
-0.868408   -0.49585
-0.799813   -0.60025
-0.718736   -0.695283
-0.626444   -0.779466
-0.524377   -0.851486
-0.414127   -0.910219
-0.297414   -0.954749
-0.176061   -0.984379
-0.0519599   -0.998649
0.0729519   -0.997335
0.196725   -0.980459
0.317429   -0.948282
0.433179   -0.901308
0.542169   -0.840269
0.6427   -0.766118
0.733201   -0.680012
0.81226   -0.583295
0.878645   -0.477476
0.931319   -0.364206
0.969459   -0.245252
0.992472   -0.122471
0.999998   0.00222039
0.991918   0.126877
0.968361   0.249555
0.929692   0.368338
0.876516   0.481373
0.809662   0.586896
0.730174   0.683262
0.639291   0.768965
0.538433   0.842669
0.429172   0.903223
0.313214   0.949682
0.192369   0.981323
0.0685222   0.99765
-0.0563941   0.998409
-0.18043   0.983588
-0.301651   0.953418
-0.418165   0.908371
-0.528153   0.849149
-0.6299   0.776676
-0.721817   0.692084
-0.80247   0.596692
-0.870602   0.491988
-0.925148   0.379608
-0.965257   0.261303
-0.990303   0.138921
-0.999897   0.0143718
-0.993887   -0.110402
-0.972368   -0.233453
-0.935676   -0.352862
-0.884382   -0.466764
-0.819288   -0.573382
-0.74141   -0.671053
-0.651962   -0.758252
-0.55234   -0.833619
-0.444099   -0.895978
-0.328928   -0.944355
-0.208625   -0.977996
-0.0850657   -0.996375
0.0398209   -0.999207
0.164086   -0.986446
0.285791   -0.958292
0.403036   -0.915184
0.513991   -0.857795
0.616926   -0.787021
0.710235   -0.703965
0.79246   -0.609924
0.862319   -0.506366
